----------PROBABILITY----------
4.493992378229449969e-07 9.999966025352478027e-01 2.846609049811377190e-06
9.999652504920959473e-01 3.044807215246692067e-07 3.435594408074393868e-05
9.999547600746154785e-01 8.369795068574603647e-06 3.684557668748311698e-05
8.739189638617972378e-07 9.999925494194030762e-01 6.575134648301173002e-06
9.999940991401672363e-01 7.603987484117169515e-08 5.702031103282934055e-06
5.962316436125547625e-07 1.451010973596567055e-07 9.999992251396179199e-01
4.096968099474906921e-03 1.920310109853744507e-01 8.038719892501831055e-01
2.354458265472203493e-04 1.164199347840622067e-04 9.996480941772460938e-01
9.999491572380065918e-01 6.902695076860254630e-06 4.391896436573006213e-05
8.063776791095733643e-02 7.675062119960784912e-02 8.426116108894348145e-01
1.376520493067800999e-03 8.921083062887191772e-04 9.977313876152038574e-01
9.990442395210266113e-01 4.254396480973809958e-04 5.303444922901690006e-04
2.117553260177373886e-03 9.973471760749816895e-01 5.352139705792069435e-04
9.999954104423522949e-01 8.599284484489544411e-08 4.373848241812083870e-06
1.259691634913906455e-05 4.339140105003025383e-06 9.999830126762390137e-01
6.004116963595151901e-03 2.879469189792871475e-03 9.911164045333862305e-01
9.778118729591369629e-01 6.865621078759431839e-03 1.532248686999082565e-02
8.744704537093639374e-03 2.681814879179000854e-02 9.644371867179870605e-01
9.993709921836853027e-01 3.000531287398189306e-04 3.289805317763239145e-04
6.402119528502225876e-03 4.328395007178187370e-04 9.931649565696716309e-01
3.062083385884761810e-03 9.966470003128051758e-01 2.910165057983249426e-04
9.999492764472961426e-01 1.356348820991115645e-05 3.703589754877611995e-05
8.755692094564437866e-02 9.004557728767395020e-01 1.198725029826164246e-02
1.675050953053869307e-05 9.984808564186096191e-01 1.502431347034871578e-03
3.696812689304351807e-01 6.202492117881774902e-01 1.006950531154870987e-02
9.999822974205017090e-01 3.430077128996344982e-07 1.733021599648054689e-05
1.248484113602899015e-05 5.503896318259648979e-05 9.999324679374694824e-01
1.240227278321981430e-02 3.804748994298279285e-04 9.872171878814697266e-01
9.998813271522521973e-01 1.081475329556269571e-05 1.077633642125874758e-04
5.988225166220217943e-05 4.426476079970598221e-04 9.994973540306091309e-01
9.490956068038940430e-01 3.527645394206047058e-02 1.562786847352981567e-02
6.832036306150257587e-04 1.455683447420597076e-02 9.847599864006042480e-01
2.043689601123332977e-03 7.856829762458801270e-01 2.122733294963836670e-01
2.911854608100838959e-06 2.477660018485039473e-05 9.999722838401794434e-01
7.083039730787277222e-02 9.244256019592285156e-01 4.744166508316993713e-03
2.577739360276609659e-04 2.159601310268044472e-03 9.975825548171997070e-01
7.449280019500292838e-07 9.999975562095642090e-01 1.620537432245328091e-06
1.413321297150105238e-04 9.997168779373168945e-01 1.418076426489278674e-04
2.760564966592937708e-04 9.996188282966613770e-01 1.050950668286532164e-04
2.124480961356312037e-04 3.033104003407061100e-04 9.994841217994689941e-01
2.207057327032089233e-01 3.993007540702819824e-01 3.799934685230255127e-01
9.936598539352416992e-01 4.621690139174461365e-03 1.718438928946852684e-03
9.999938607215881348e-01 7.145082037141037290e-08 5.967770903225755319e-06
5.418066401034593582e-03 9.713674187660217285e-01 2.321440540254116058e-02
1.539793238043785095e-02 9.782837033271789551e-01 6.318211089819669724e-03
6.692942697554826736e-04 3.100982285104691982e-04 9.990205168724060059e-01
9.999764561653137207e-01 9.553322115607443266e-07 2.249113458674401045e-05
9.999312758445739746e-01 6.885549737489782274e-06 6.177046452648937702e-05
2.562038134783506393e-03 1.250803179573267698e-04 9.973129034042358398e-01
2.501379884779453278e-02 7.041847705841064453e-01 2.708014249801635742e-01
7.179255135270068422e-06 1.401956433255691081e-05 9.999787211418151855e-01
3.306596481706947088e-04 6.467620096373138949e-06 9.996628761291503906e-01
5.729158520698547363e-01 2.776969457045197487e-03 4.243071675300598145e-01
9.999565482139587402e-01 1.599274219188373536e-05 2.740907621046062559e-05
9.998524188995361328e-01 2.140312972187530249e-06 1.455113670090213418e-04
1.093261926143895835e-05 1.210372429341077805e-04 9.998681545257568359e-01
4.122870974242687225e-03 1.221362650394439697e-01 8.737408518791198730e-01
9.999900460243225098e-01 7.347823611780768260e-06 2.478633859936962835e-06
3.299357729247276438e-07 9.999886155128479004e-01 1.099595647247042507e-05
9.885804057121276855e-01 3.249970031902194023e-03 8.169613778591156006e-03
2.901922853197902441e-04 2.634709477424621582e-01 7.362388372421264648e-01
9.998319149017333984e-01 1.284419267904013395e-04 3.970113539253361523e-05
2.446486502885818481e-01 1.170401126146316528e-01 6.383112668991088867e-01
9.999946951866149902e-01 3.451064003456849605e-07 4.913103566650534049e-06
7.281290292739868164e-01 3.446742147207260132e-02 2.374035269021987915e-01
9.552812116453424096e-05 2.368462458252906799e-02 9.762197136878967285e-01
6.603266298770904541e-02 1.309797763824462891e-01 8.029875159263610840e-01
2.176074631279334426e-04 4.835873842239379883e-03 9.949465990066528320e-01
1.811781839933246374e-04 9.997732639312744141e-01 4.553557300823740661e-05
1.808363711461424828e-03 9.830900430679321289e-01 1.510153617709875107e-02
8.625574409961700439e-04 9.957973957061767578e-01 3.340042661875486374e-03
5.701837835658807307e-06 4.938411075272597373e-05 9.999448657035827637e-01
1.801003701984882355e-02 4.183672834187746048e-03 9.778062701225280762e-01
2.200877844416027074e-07 9.999976754188537598e-01 2.045687551799346693e-06
6.271508755162358284e-04 8.723863284103572369e-04 9.985004663467407227e-01
3.778332711590337567e-06 9.999831318855285645e-01 1.303209774050628766e-05
9.992766380310058594e-01 1.177977974293753505e-04 6.055819685570895672e-04
2.565285563468933105e-01 4.750088602304458618e-02 6.959704756736755371e-01
4.034641278849449009e-07 9.999968409538269043e-01 2.801186610668082722e-06
6.970466159827992669e-08 9.999975562095642090e-01 2.261419240312534384e-06
1.994474587263539433e-06 9.999958872795104980e-01 1.983378297154558823e-06
2.075936878100037575e-03 4.109212663024663925e-03 9.938148260116577148e-01
9.999749064445495605e-01 5.104432602820452303e-06 1.992104989767540246e-05
9.998776912689208984e-01 1.798588755264063366e-06 1.204912259709089994e-04
9.997153282165527344e-01 1.588223822182044387e-04 1.258386328117921948e-04
1.369561601904933923e-07 9.999962449073791504e-01 3.610177827795268968e-06
1.021841019392013550e-01 1.301984786987304688e-01 7.676173448562622070e-01
1.791244926607760135e-06 9.999747872352600098e-01 2.339125603612046689e-05
9.999908804893493652e-01 7.637977006424989668e-08 8.900860848370939493e-06
1.753032803535461426e-01 1.406964287161827087e-02 8.106271028518676758e-01
2.836253406712785363e-05 3.139548061881214380e-05 9.999402165412902832e-01
2.040201252384576946e-06 9.999892115592956543e-01 8.697701559867709875e-06
3.727889619767665863e-03 1.066312640905380249e-01 8.896408677101135254e-01
2.116561881848610938e-05 9.999061226844787598e-01 7.258089317474514246e-05
2.243797993287444115e-03 5.550536140799522400e-02 9.422508478164672852e-01
9.999783635139465332e-01 1.077480192179791629e-06 2.050887997029349208e-05
3.420855104923248291e-02 6.586441304534673691e-03 9.592049121856689453e-01
2.499057700333651155e-06 9.999783635139465332e-01 1.906139914353843778e-05
3.945087082684040070e-03 6.608977317810058594e-01 3.351571559906005859e-01
9.903569817543029785e-01 1.445407047867774963e-03 8.197633549571037292e-03
5.179074946681794245e-08 9.999924302101135254e-01 7.468650892406003550e-06
9.999961256980895996e-01 2.533729741571733030e-07 3.619481731220730580e-06
9.128340025199577212e-06 9.995949864387512207e-01 3.958960296586155891e-04
8.659902732688351534e-07 9.999927878379821777e-01 6.291510544542688876e-06
3.883028693962842226e-05 1.299008581554517150e-04 9.998311996459960938e-01
7.641529198735952377e-03 6.864965427666902542e-03 9.854934811592102051e-01
6.471994798630475998e-03 9.383214712142944336e-01 5.520651862025260925e-02
9.973873496055603027e-01 1.930765924043953419e-03 6.819281843490898609e-04
9.889374375343322754e-01 7.043124787742272019e-05 1.099214982241392136e-02
3.161764442920684814e-01 5.960603710263967514e-03 6.778628826141357422e-01
9.950360059738159180e-01 2.332452684640884399e-03 2.631403040140867233e-03
1.720693830975505989e-06 9.999631047248840332e-01 3.520089376252144575e-05
9.999852776527404785e-01 7.201084031294158194e-07 1.393150432704715058e-05
8.645049092592671514e-05 1.393626444041728973e-04 9.997742176055908203e-01
2.250686570448579005e-08 9.999982714653015137e-01 1.617297812117612921e-06
8.616545796394348145e-01 4.817964218091219664e-04 1.378636062145233154e-01
9.932187822414562106e-05 9.997665882110595703e-01 1.341807947028428316e-04
1.712981313467025757e-01 1.604766994714736938e-01 6.682251691818237305e-01
6.835308886365965009e-05 9.996207356452941895e-01 3.109563840553164482e-04
6.192533299326896667e-03 2.429711222648620605e-01 7.508363127708435059e-01
3.083943156525492668e-03 2.263733558356761932e-02 9.742786884307861328e-01
1.851789187639951706e-03 5.708793550729751587e-02 9.410603046417236328e-01
6.624982233915943652e-07 9.999954104423522949e-01 3.805479309448855929e-06
7.398137569225582411e-08 9.999639391899108887e-01 3.586833554436452687e-05
5.541868042200803757e-03 9.923333525657653809e-01 2.124713035300374031e-03
1.906206249259412289e-03 3.761818879866041243e-05 9.980561137199401855e-01
4.005882146884687245e-06 9.999848008155822754e-01 1.104565853893291205e-05
3.126209974288940430e-01 6.782543659210205078e-01 9.124612435698509216e-03
1.731491461396217346e-02 2.717640483751893044e-03 9.799674749374389648e-01
9.964690208435058594e-01 9.156386950053274632e-04 2.615338889881968498e-03
9.293938986957073212e-03 9.721428155899047852e-01 1.856327988207340240e-02
8.305569179356098175e-03 9.732682108879089355e-01 1.842619292438030243e-02
4.349612208898179233e-05 9.904908537864685059e-01 9.465635754168033600e-03
2.164224270018166862e-06 9.996412992477416992e-01 3.565607185009866953e-04
9.999920725822448730e-01 1.587409428793762345e-06 6.301552275544963777e-06
1.036767498590052128e-03 9.981803297996520996e-01 7.828036323189735413e-04
1.686070572759490460e-05 1.086911361198872328e-04 9.998745918273925781e-01
9.735071063041687012e-01 2.011660020798444748e-03 2.448124252259731293e-02
3.724301791407924611e-07 9.999873042106628418e-01 1.231800706591457129e-05
7.286559939384460449e-01 1.967725604772567749e-01 7.457140088081359863e-02
2.145253120033885352e-06 9.996250271797180176e-01 3.729205345734953880e-04
9.803200960159301758e-01 1.897635869681835175e-02 7.033978472463786602e-04
9.999691843986511230e-01 6.497729827970033512e-06 2.414724440313875675e-05
9.997649192810058594e-01 7.129892765078693628e-05 1.638664398342370987e-04
1.188679743790999055e-05 6.824389856774359941e-05 9.999198317527770996e-01
4.970889538526535034e-02 6.681787222623825073e-02 8.834731578826904297e-01
7.027649189694784582e-06 3.952619408664759248e-06 9.999889731407165527e-01
6.876279803691431880e-05 9.998757839202880859e-01 5.546940155909396708e-05
9.126621880568563938e-04 2.373233437538146973e-03 9.967141151428222656e-01
3.543159691616892815e-03 1.607136218808591366e-04 9.962961077690124512e-01
1.481684623286128044e-03 6.339144706726074219e-01 3.646038472652435303e-01
1.400175318121910095e-02 9.137697517871856689e-02 8.946212530136108398e-01
2.652000111993402243e-04 9.883808493614196777e-01 1.135380100458860397e-02
4.042754153488203883e-05 4.114860785193741322e-04 9.995480179786682129e-01
2.382983826100826263e-02 9.430260658264160156e-01 3.314420208334922791e-02
9.999256730079650879e-01 2.506581768102478236e-05 4.918429840472526848e-05
7.885176539421081543e-01 1.103599742054939270e-02 2.004463672637939453e-01
1.696690800599753857e-03 9.981653690338134766e-01 1.379339955747127533e-04
1.950725726783275604e-02 2.542156539857387543e-02 9.550711512565612793e-01
6.923788189888000488e-01 3.098095022141933441e-02 2.766402065753936768e-01
9.637026960263028741e-05 9.997956752777099609e-01 1.079468784155324101e-04
4.454644396901130676e-03 4.413685237523168325e-04 9.951038360595703125e-01
3.344954177737236023e-02 7.590699475258588791e-03 9.589598178863525391e-01
8.397967903874814510e-04 9.990682601928710938e-01 9.196968312608078122e-05
3.314667847007513046e-04 9.978517293930053711e-01 1.816826057620346546e-03
9.985109567642211914e-01 9.653784945840016007e-05 1.392548088915646076e-03
9.999561905860900879e-01 2.814523213601205498e-06 4.090666698175482452e-05
9.948017597198486328e-01 2.696810042834840715e-05 5.171341821551322937e-03
9.999690651893615723e-01 1.648383113206364214e-05 1.440978030586848035e-05
9.552903975418303162e-06 2.399392724328208715e-05 9.999664425849914551e-01
1.363982409238815308e-01 8.593313097953796387e-01 4.270552191883325577e-03
5.583554878830909729e-02 1.980143934488296509e-01 7.461500167846679688e-01
1.313855350017547607e-01 8.967925678007304668e-04 8.677175045013427734e-01
5.242547020316123962e-03 3.663171955849975348e-04 9.943911433219909668e-01
5.597972176474286243e-06 2.680877223610877991e-04 9.997264146804809570e-01
1.454247649235185236e-05 4.312549135647714138e-04 9.995542168617248535e-01
9.275096654891967773e-01 1.798533601686358452e-03 7.069169729948043823e-02
6.486914207926020026e-05 5.761784035712480545e-03 9.941732287406921387e-01
1.357158995233476162e-03 2.105426683556288481e-04 9.984323978424072266e-01
1.661967132804420544e-07 9.999983906745910645e-01 1.439048901374917477e-06
6.038113832473754883e-01 3.024755744263529778e-03 3.931638598442077637e-01
1.538155693560838699e-02 1.398793421685695648e-03 9.832196831703186035e-01
9.997935295104980469e-01 4.898485713056288660e-05 1.576118083903566003e-04
9.447488784790039062e-01 3.682084847241640091e-03 5.156894400715827942e-02
1.834760010242462158e-01 1.881376281380653381e-02 7.977101802825927734e-01
9.993191361427307129e-01 1.087616765289567411e-04 5.720228073187172413e-04
9.998802542686462402e-01 6.613907771679805592e-06 1.130984092014841735e-04
4.232960287481546402e-03 1.453241915442049503e-03 9.943137764930725098e-01
1.935917185619473457e-03 9.832115756580606103e-05 9.979656934738159180e-01
9.982414841651916504e-01 2.578571147751063108e-04 1.500637969002127647e-03
5.379327558330260217e-05 8.612659439677372575e-05 9.998600482940673828e-01
1.837364211678504944e-02 2.021545916795730591e-01 7.794716954231262207e-01
1.120688691735267639e-01 8.756704330444335938e-01 1.226071547716856003e-02
8.669458911754190922e-04 3.191764280200004578e-02 9.672154188156127930e-01
3.220268699806183577e-04 9.994973540306091309e-01 1.805697393137961626e-04
9.999549984931945801e-01 1.247259115189081058e-05 3.240182923036627471e-05
1.630307338018610608e-07 9.999930262565612793e-01 6.750785814801929519e-06
1.000299562292639166e-05 9.996650218963623047e-01 3.249997680541127920e-04
2.678153105080127716e-04 1.090129022486507893e-03 9.986420273780822754e-01
9.972680807113647461e-01 1.729564392007887363e-03 1.002412755042314529e-03
6.592021964024752378e-05 1.998598163481801748e-04 9.997342824935913086e-01
5.191976088099181652e-04 2.951482019852846861e-04 9.991856217384338379e-01
7.909459471702575684e-01 3.658822178840637207e-02 1.724658310413360596e-01
1.422454952262341976e-03 3.341999603435397148e-03 9.952355623245239258e-01
9.988764524459838867e-01 9.810315677896142006e-04 1.424046349711716175e-04
9.999458193778991699e-01 4.374574018584098667e-06 4.971711314283311367e-05
1.343261683359742165e-03 7.315204857150092721e-05 9.985835552215576172e-01
2.031648345291614532e-02 7.761696726083755493e-02 9.020665884017944336e-01
8.958669241110328585e-06 6.586309154954506084e-06 9.999844431877136230e-01
1.851219101808965206e-03 3.202697494998574257e-03 9.949461221694946289e-01
3.411243233131244779e-05 9.998779296875000000e-01 8.806790719972923398e-05
9.173639118671417236e-03 7.931642532348632812e-01 1.976620107889175415e-01
1.447862247005105019e-03 2.566378796473145485e-03 9.959856271743774414e-01
9.702531695365905762e-01 5.017407704144716263e-03 2.472951635718345642e-02
3.604447469115257263e-03 9.949636459350585938e-01 1.431961427442729473e-03
4.441545170266181231e-04 3.582244971767067909e-04 9.991976618766784668e-01
3.986296448488246824e-08 9.999988675117492676e-01 1.031115516525460407e-06
9.997512102127075195e-01 7.367228135990444571e-06 2.414613700238987803e-04
7.127002812922000885e-03 9.915532469749450684e-01 1.319779432378709316e-03
5.532978568226099014e-03 9.940322637557983398e-01 4.347840731497853994e-04
9.997181892395019531e-01 5.448991942103020847e-05 2.273309946758672595e-04
5.784323439002037048e-04 5.067733116447925568e-03 9.943538308143615723e-01
3.973778075305745006e-05 1.057246932759881020e-03 9.989029765129089355e-01
9.999887347221374512e-01 6.667652314717997797e-07 1.050788705470040441e-05
1.057194481290935073e-06 9.999948143959045410e-01 4.067039753863355145e-06
6.795194000005722046e-03 2.985819578170776367e-01 6.946228146553039551e-01
4.343432280506931420e-08 9.999991059303283691e-01 8.304074299303465523e-07
9.979453682899475098e-01 3.038374416064471006e-04 1.750849769450724125e-03
7.498542254325002432e-05 9.996966123580932617e-01 2.284279034938663244e-04
9.999902844429016113e-01 1.791094348391197855e-07 9.460509318159893155e-06
1.720293585094623268e-05 5.056874942965805531e-05 9.999321103096008301e-01
6.546018994413316250e-05 2.002489736696588807e-06 9.999324679374694824e-01
9.999770522117614746e-01 1.664809315116144717e-05 6.186953669384820387e-06
9.999739527702331543e-01 1.333424847871356178e-06 2.469181708875112236e-05
9.999637007713317871e-01 7.342215212702285498e-06 2.889705683628562838e-05
1.472566364100202918e-04 3.188317641615867615e-04 9.995338320732116699e-01
9.854161739349365234e-01 1.245838403701782227e-02 2.125365892425179482e-03
3.194539167452603579e-04 9.994148015975952148e-01 2.657053410075604916e-04
1.880757883191108704e-02 1.390343997627496719e-03 9.798020124435424805e-01
9.993059635162353516e-01 7.717663538642227650e-05 6.169796106405556202e-04
2.203519144927668094e-08 9.999977946281433105e-01 2.170159859815612435e-06
9.999714493751525879e-01 1.361602471661171876e-06 2.717875941016245633e-05
1.460652681998908520e-03 8.769907057285308838e-03 9.897693395614624023e-01
7.354751825332641602e-01 1.700937002897262573e-01 9.443104267120361328e-02
4.282424015400465578e-06 1.753335527610033751e-05 9.999781250953674316e-01
9.995821118354797363e-01 2.933712676167488098e-04 1.245733146788552403e-04
6.398818186426069587e-07 9.999938607215881348e-01 5.490307557920459658e-06
5.941308918409049511e-04 9.990035891532897949e-01 4.021459899377077818e-04
6.878152635181322694e-05 1.379892200930044055e-04 9.997932910919189453e-01
9.999981522560119629e-01 1.561819829021260375e-07 1.623561047381372191e-06
1.870886734423038433e-07 9.999932646751403809e-01 6.385862889146665111e-06
9.993849396705627441e-01 2.809125908243004233e-05 5.870233289897441864e-04
1.193456264445558190e-04 1.396027655573561788e-04 9.997410774230957031e-01
9.996080994606018066e-01 8.104067092062905431e-06 3.838545817416161299e-04
4.250472411513328552e-02 1.208837516605854034e-02 9.454069137573242188e-01
1.517624943517148495e-03 7.267273031175136566e-04 9.977556467056274414e-01
1.593365683220326900e-03 3.623782098293304443e-02 9.621687531471252441e-01
1.754635944962501526e-02 2.228682786226272583e-01 7.595853805541992188e-01
5.886644590646028519e-03 2.225779462605714798e-03 9.918874502182006836e-01
7.592688780277967453e-05 6.992218550294637680e-05 9.998540878295898438e-01
9.999938607215881348e-01 2.200678466124372790e-07 5.851802598044741899e-06
9.999486804008483887e-01 3.056319428651477210e-06 4.814471321878954768e-05
2.495351014658808708e-03 4.025355447083711624e-04 9.971020221710205078e-01
9.628729820251464844e-01 2.368588186800479889e-02 1.344100758433341980e-02
4.715837421827018261e-04 9.985414147377014160e-01 9.869075147435069084e-04
1.506001900963838125e-08 9.999986290931701660e-01 1.310490347350423690e-06
1.681584108155220747e-04 9.966288208961486816e-01 3.203050233423709869e-03
8.665340283187106252e-05 1.455284655094146729e-04 9.997677803039550781e-01
3.600702621042728424e-04 9.994586706161499023e-01 1.813825510907918215e-04
5.934637505561113358e-03 8.891944289207458496e-01 1.048709526658058167e-01
9.998354911804199219e-01 5.952378614892950282e-06 1.585967111168429255e-04
2.543652499298332259e-06 9.999931454658508301e-01 4.246868684276705608e-06
2.476816973739914829e-07 9.999744296073913574e-01 2.522072099964134395e-05
8.216855349019169807e-04 9.986855983734130859e-01 4.926487454213202000e-04
3.412391151869087480e-07 9.999921917915344238e-01 7.403301424346864223e-06
3.461000025272369385e-01 3.524141907691955566e-01 3.014858067035675049e-01
1.486199180362746119e-04 1.070649814209900796e-04 9.997444152832031250e-01
9.987809658050537109e-01 4.163151024840772152e-04 8.025651914067566395e-04
2.849697768688201904e-01 3.695170581340789795e-01 3.455131947994232178e-01
1.765532768331468105e-03 7.221762207336723804e-04 9.975122809410095215e-01
2.065114676952362061e-04 1.233906252309679985e-03 9.985595345497131348e-01
5.053143249824643135e-04 9.971993565559387207e-01 2.295275917276740074e-03
4.224459189572371542e-06 9.999648928642272949e-01 3.087335426243953407e-05
9.980636239051818848e-01 3.062821342609822750e-04 1.630159677006304264e-03
9.997787475585937500e-01 1.684962262515909970e-05 2.043551212409511209e-04
9.971665740013122559e-01 2.442269760649651289e-04 2.589156851172447205e-03
6.644164095632731915e-04 7.257419824600219727e-02 9.267614483833312988e-01
4.247205197316361591e-06 2.472164169375901110e-06 9.999932646751403809e-01
5.511350464075803757e-03 9.592661857604980469e-01 3.522236645221710205e-02
9.993117451667785645e-01 6.931668031029403210e-05 6.189043633639812469e-04
8.000518381595611572e-02 2.049460411071777344e-01 7.150488495826721191e-01
2.383463197475066409e-06 9.999700188636779785e-01 2.752365253400057554e-05
9.988752603530883789e-01 6.281481473706662655e-04 4.967048880644142628e-04
9.998226165771484375e-01 6.418565135390963405e-06 1.710681390250101686e-04
9.994788765907287598e-01 5.283908103592693806e-05 4.682519938796758652e-04
5.303683690726757050e-03 2.068089246749877930e-01 7.878874540328979492e-01
3.256018459796905518e-02 9.648918174207210541e-03 9.577907919883728027e-01
1.136106002377346158e-04 9.980528950691223145e-01 1.833496382459998131e-03
9.996943473815917969e-01 5.227548172115348279e-06 3.003815654665231705e-04
3.797607205342501402e-04 1.130054472014307976e-03 9.984902143478393555e-01
3.943727642763406038e-04 9.990114569664001465e-01 5.940200644545257092e-04
5.443691741675138474e-03 9.914247989654541016e-01 3.131534904241561890e-03
6.425517494790256023e-04 4.503139480948448181e-02 9.543259739875793457e-01
6.494396529888035730e-06 9.999558329582214355e-01 3.767994712688960135e-05
5.971531209070235491e-05 9.998726844787597656e-01 6.760439282516017556e-05
1.684162707533687353e-04 3.236419870518147945e-04 9.995078444480895996e-01
1.838489151850808412e-05 1.322688149230089039e-05 9.999683499336242676e-01
9.999995827674865723e-01 1.164955154564495388e-08 3.930080083591747098e-07
2.617335505783557892e-02 9.224995970726013184e-01 5.132706090807914734e-02
1.951453275978565216e-02 3.896734677255153656e-03 9.765887260437011719e-01
9.577815532684326172e-01 1.623798161745071411e-02 2.598055265843868256e-02
3.051812946796417236e-02 5.300735235214233398e-01 4.394084215164184570e-01
9.988933801651000977e-01 9.887162741506472230e-05 1.007915008813142776e-03
9.999967217445373535e-01 3.378364965556102106e-07 2.860646645785891451e-06
4.111868038307875395e-04 5.987952249597583432e-07 9.995881915092468262e-01
1.502711529610678554e-05 4.574457307171542197e-06 9.999803900718688965e-01
5.412779748439788818e-03 2.126283384859561920e-02 9.733243584632873535e-01
3.842041769530624151e-05 3.875755282933823764e-05 9.999228119850158691e-01
5.565847823163494468e-05 9.999150633811950684e-01 2.915076402132399380e-05
9.992046952247619629e-01 1.008486942737363279e-04 6.944425404071807861e-04
1.867416358436457813e-05 9.999570250511169434e-01 2.420006603642832488e-05
3.554844995960593224e-03 4.562237299978733063e-04 9.959888458251953125e-01
4.046700429171323776e-03 3.077192104683490470e-06 9.959502816200256348e-01
7.143346010707318783e-04 1.214841962791979313e-03 9.980708360671997070e-01
9.991522431373596191e-01 2.441552060190588236e-04 6.035700207576155663e-04
9.944257736206054688e-01 4.947961773723363876e-03 6.263141985982656479e-04
6.446357965469360352e-01 9.857238084077835083e-02 2.567917406558990479e-01
2.152003844457794912e-06 5.030944407735660207e-07 9.999973177909851074e-01
4.549511359073221684e-04 9.706282019615173340e-01 2.891677431762218475e-02
2.680351026356220245e-02 1.298514008522033691e-01 8.433449268341064453e-01
9.999634623527526855e-01 7.496667535633605439e-07 3.571070192265324295e-05
2.147691696882247925e-02 9.686301946640014648e-01 9.892816655337810516e-03
9.999786019325256348e-01 6.988058885326609015e-06 1.431079272151691839e-05
1.451955735683441162e-01 1.699077151715755463e-02 8.378136754035949707e-01
2.668466186150908470e-05 1.055178930982947350e-03 9.989181160926818848e-01
6.254730396904051304e-04 1.130099524743855000e-03 9.982443451881408691e-01
3.141723871231079102e-01 1.824981272220611572e-01 5.033293962478637695e-01
5.040235118940472603e-04 9.990885257720947266e-01 4.074374155607074499e-04
4.575387574732303619e-03 9.813272953033447266e-01 1.409731991589069366e-02
1.376547850668430328e-03 1.595775410532951355e-02 9.826656579971313477e-01
9.335176944732666016e-01 3.045471676159650087e-04 6.617774069309234619e-02
3.865910402964800596e-04 9.833691120147705078e-01 1.624418608844280243e-02
1.034395336318993941e-05 5.407927892520092428e-05 9.999355673789978027e-01
1.279302034527063370e-02 9.732760787010192871e-01 1.393087580800056458e-02
9.994446039199829102e-01 6.410429341485723853e-05 4.912204458378255367e-04
6.656563840806484222e-03 1.280698645859956741e-02 9.805364608764648438e-01
2.403193619102239609e-03 9.974949359893798828e-01 1.019234041450545192e-04
9.993441700935363770e-01 2.670956382644362748e-05 6.291611352935433388e-04
9.998748302459716797e-01 3.226168701075948775e-05 9.280105587095022202e-05
9.662732481956481934e-01 3.158043324947357178e-02 2.146425889804959297e-03
6.910945773124694824e-01 1.059969794005155563e-02 2.983056604862213135e-01
9.999881386756896973e-01 2.056430048469337635e-06 9.723735274747014046e-06
1.639981865882873535e-01 8.108493685722351074e-01 2.515249513089656830e-02
2.067336208710912615e-05 9.999708533287048340e-01 8.517366950400173664e-06
9.999960064888000488e-01 1.097961103369016200e-06 2.861127541109453887e-06
5.848690420862112660e-07 6.548857811594643863e-08 9.999993443489074707e-01
1.635509215702768415e-05 2.936830242106225342e-05 9.999541640281677246e-01
9.985466599464416504e-01 3.274114278610795736e-04 1.125829643569886684e-03
9.996151328086853027e-01 5.393485480453819036e-05 3.309618332423269749e-04
2.255855235944181914e-08 9.999994635581970215e-01 4.758340708121977514e-07
9.999871850013732910e-01 9.297678502662165556e-07 1.186051213153405115e-05
2.373117953538894653e-02 9.755085110664367676e-01 7.602876867167651653e-04
7.851474947528913617e-06 9.998533725738525391e-01 1.388458040310069919e-04
9.999366402626037598e-01 2.211512764915823936e-06 6.102494444348849356e-05
2.770064026117324829e-02 1.524761412292718887e-02 9.570516347885131836e-01
4.941725432872772217e-01 6.999829784035682678e-03 4.988275468349456787e-01
3.609215840697288513e-02 8.458168506622314453e-01 1.180911138653755188e-01
6.858298927545547485e-02 2.667786029633134604e-04 9.311502575874328613e-01
9.652868611738085747e-04 1.759587787091732025e-03 9.972752332687377930e-01
7.902627316980215255e-07 9.999914765357971191e-01 7.611331511725438759e-06
4.320554580772295594e-05 4.489815328270196915e-04 9.995077252388000488e-01
8.248715996742248535e-01 1.578570306301116943e-01 1.727133244276046753e-02
1.192447845824062824e-03 9.986353516578674316e-01 1.721358275972306728e-04
9.998366832733154297e-01 3.354850923642516136e-05 1.299353898502886295e-04
1.747613569023087621e-04 5.878051519393920898e-01 4.120200872421264648e-01
2.151024714112281799e-02 6.365685462951660156e-01 3.419210910797119141e-01
2.176252007484436035e-01 6.360019445419311523e-01 1.463728249073028564e-01
3.322909399867057800e-02 9.064840078353881836e-01 6.028686091303825378e-02
1.884257362689822912e-04 9.377691149711608887e-01 6.204237788915634155e-02
2.459308416291605681e-05 9.996856451034545898e-01 2.898037200793623924e-04
5.739447442465461791e-05 9.998802542686462402e-01 6.216674228198826313e-05
7.425406693073455244e-06 9.999781250953674316e-01 1.439831703464733437e-05
4.669431447982788086e-01 1.546947605675086379e-04 5.329020619392395020e-01
9.997208118438720703e-01 1.964628245332278311e-05 2.595215919427573681e-04
9.746195077896118164e-01 1.770700691849924624e-05 2.536281011998653412e-02
1.204825565218925476e-02 1.721293926239013672e-01 8.158223628997802734e-01
4.530898295342922211e-03 5.567410495132207870e-03 9.899016022682189941e-01
2.371436096382240066e-07 9.999968409538269043e-01 2.854637841664953157e-06
9.999127984046936035e-01 5.312980647431686521e-06 8.175102266250178218e-05
9.997656345367431641e-01 1.861935452325269580e-04 4.817907029064372182e-05
6.502257310785353184e-04 2.856831299141049385e-03 9.964928627014160156e-01
4.806070137419737875e-05 2.667317166924476624e-04 9.996851682662963867e-01
9.999472498893737793e-01 9.485090231464710087e-06 4.320228981669060886e-05
2.348325103521347046e-01 3.085114993155002594e-03 7.620823979377746582e-01
9.682597010396420956e-06 1.235073341376846656e-05 9.999778866767883301e-01
5.790271825389936566e-05 7.442057132720947266e-03 9.925000071525573730e-01
1.822049496695399284e-03 1.643971307203173637e-03 9.965339899063110352e-01
5.957933068275451660e-01 3.679602593183517456e-02 3.674106001853942871e-01
5.796888444820069708e-07 9.999911189079284668e-01 8.235297173087019473e-06
6.721614599227905273e-01 2.828738391399383545e-01 4.496474191546440125e-02
4.530832229647785425e-04 2.788196317851543427e-02 9.716649651527404785e-01
1.568458537803962827e-05 9.999281764030456543e-01 5.598976713372394443e-05
4.274455830454826355e-03 9.955312609672546387e-01 1.943091920111328363e-04
2.746941463556140661e-04 1.073231454938650131e-03 9.986521601676940918e-01
4.215236549498513341e-05 1.361081958748400211e-04 9.998216629028320312e-01
1.734169491101056337e-04 7.996057393029332161e-04 9.990269541740417480e-01
3.041093423962593079e-02 2.060652710497379303e-03 9.675284028053283691e-01
8.641278691357001662e-05 9.998528957366943359e-01 6.067317735869437456e-05
9.999415278434753418e-01 2.706616896830382757e-06 5.572007285081781447e-05
9.998901486396789551e-01 2.744222342698776629e-07 1.095766565413214266e-04
9.998767375946044922e-01 7.245334018080029637e-06 1.159728999482467771e-04
9.898854494094848633e-01 2.628193469718098640e-03 7.486376445740461349e-03
2.032847135069459910e-07 9.999939799308776855e-01 5.777393198513891548e-06
7.601102348417043686e-03 1.928380504250526428e-02 9.731150865554809570e-01
9.997889995574951172e-01 1.506588596384972334e-04 6.033245881553739309e-05
9.999855160713195801e-01 2.018579607465653680e-06 1.242352573171956465e-05
5.151633740752004087e-05 2.965872454296913929e-06 9.999454617500305176e-01
5.327430367469787598e-01 1.910399086773395538e-02 4.481528997421264648e-01
8.646371960639953613e-01 8.768451213836669922e-02 4.767820984125137329e-02
2.400275319814682007e-03 9.974424839019775391e-01 1.572042965563014150e-04
3.984547257423400879e-01 1.026882827281951904e-01 4.988569915294647217e-01
9.965108036994934082e-01 1.062744529917836189e-03 2.426465973258018494e-03
1.555346651002764702e-03 1.533986069262027740e-03 9.969105124473571777e-01
1.669538178248330951e-04 9.996077418327331543e-01 2.253767888760194182e-04
8.350626230239868164e-01 3.484312037471681833e-04 1.645890325307846069e-01
9.914371967315673828e-01 2.070395712507888675e-04 8.355651982128620148e-03
9.999974370002746582e-01 1.934252509272482712e-07 2.264349632241646759e-06
1.989233624044572935e-06 9.999912381172180176e-01 6.734935595886781812e-06
2.057834990409901366e-06 9.999253153800964355e-01 7.258415280375629663e-05
8.556189537048339844e-01 6.499476148746907711e-04 1.437311321496963501e-01
9.923145174980163574e-01 8.409199654124677181e-04 6.844537798315286636e-03
9.999840855598449707e-01 4.176670813649252523e-07 1.542133941256906837e-05
9.997797012329101562e-01 6.918920553289353848e-05 1.510954461991786957e-04
3.881301730871200562e-03 5.176554918289184570e-01 4.784631729125976562e-01
1.656621607253327966e-04 9.407889842987060547e-01 5.904537811875343323e-02
4.490601349971257150e-05 9.998738765716552734e-01 8.124281885102391243e-05
9.947594404220581055e-01 3.288957523182034492e-03 1.951661310158669949e-03
9.952242970466613770e-01 2.626526635140180588e-03 2.149129984900355339e-03
2.768205558822955936e-05 1.993349433178082108e-04 9.997730255126953125e-01
9.999094605445861816e-01 2.472113737894687802e-05 6.574729923158884048e-05
5.425566434860229492e-02 3.003708831965923309e-02 9.157071709632873535e-01
9.998712539672851562e-01 6.009975095366826281e-06 1.228608161909505725e-04
4.721586033701896667e-02 9.516664147377014160e-01 1.117686158977448940e-03
2.992876397911459208e-04 2.748972619883716106e-04 9.994257688522338867e-01
9.898638725280761719e-01 1.677348045632243156e-03 8.458671160042285919e-03
2.864481302822241560e-06 9.999935030937194824e-01 3.614670731622027233e-06
1.374051407765364274e-06 6.404253838354634354e-08 9.999985098838806152e-01
1.150765195488929749e-01 1.098992396146059036e-02 8.739336729049682617e-01
9.996577501296997070e-01 6.314148777164518833e-05 2.790612925309687853e-04
5.003706974093802273e-05 9.998433589935302734e-01 1.066994373104535043e-04
6.542676710523664951e-04 9.722998365759849548e-04 9.983733892440795898e-01
9.267217828892171383e-04 2.275358710903674364e-04 9.988457560539245605e-01
9.999616742134094238e-01 1.616904114598582964e-06 3.657308116089552641e-05
9.999099373817443848e-01 9.777148079592734575e-06 8.024270937312394381e-05
3.578534582629799843e-03 9.942541122436523438e-01 2.167342696338891983e-03
8.130711317062377930e-01 1.491419672966003418e-01 3.778687864542007446e-02
9.227015376091003418e-01 6.697276979684829712e-02 1.032574288547039032e-02
7.801405787467956543e-01 1.355148502625524998e-03 2.185042351484298706e-01
9.999040961265563965e-01 3.093725899816490710e-05 6.488814688054844737e-05
7.232787879729585256e-07 9.999770522117614746e-01 2.222576949861831963e-05
9.997570514678955078e-01 8.037058432819321752e-05 1.625986333237960935e-04
9.997932910919189453e-01 6.184752419358119369e-05 1.449772535124793649e-04
9.999474883079528809e-01 3.255741830798797309e-05 1.994513877434656024e-05
2.755351737141609192e-02 6.030010059475898743e-03 9.664164185523986816e-01
9.786667823791503906e-01 2.886695147026330233e-04 2.104457281529903412e-02
3.977808170020580292e-03 1.513075679540634155e-01 8.447145819664001465e-01
9.607546329498291016e-01 9.337621740996837616e-03 2.990783005952835083e-02
2.490063570439815521e-02 1.508078072220087051e-03 9.735913872718811035e-01
9.996046423912048340e-01 1.693366903054993600e-05 3.784045402426272631e-04
9.553431868553161621e-01 1.788713410496711731e-02 2.676968649029731750e-02
8.337040213746149675e-08 9.999981522560119629e-01 1.650635795158450492e-06
9.999321103096008301e-01 4.131658442929619923e-06 6.365137960528954864e-05
3.520824066072236747e-06 9.998500347137451172e-01 1.464976812712848186e-04
9.794653654098510742e-01 2.322468208149075508e-03 1.821207813918590546e-02
4.277011845260858536e-03 6.922167376615107059e-04 9.950307607650756836e-01
9.999756217002868652e-01 9.616159957204217790e-08 2.416103598079644144e-05
2.911563497036695480e-03 9.952771067619323730e-01 1.811362570151686668e-03
8.796352744102478027e-01 1.231881324201822281e-03 1.191328540444374084e-01
9.999924302101135254e-01 1.282300416960424627e-07 7.401361926895333454e-06
2.880622167140245438e-03 9.956802129745483398e-01 1.439173473045229912e-03
2.849697768688201904e-01 3.695170581340789795e-01 3.455131947994232178e-01
4.641501436708495021e-05 6.241200026124715805e-04 9.993293881416320801e-01
9.994317293167114258e-01 1.135747993430413771e-06 5.670125246979296207e-04
1.602688920684158802e-03 3.085814241785556078e-04 9.980885982513427734e-01
2.313066972419619560e-03 9.963722229003906250e-01 1.314771710895001888e-03
3.650336584541946650e-04 9.995514750480651855e-01 8.350616553798317909e-05
8.025964780244976282e-05 7.832075655460357666e-02 9.215989708900451660e-01
2.172279637306928635e-03 1.681533306837081909e-01 8.296744227409362793e-01
9.998851418495178223e-01 2.015131394728086889e-05 9.458870044909417629e-05
2.073991026918520220e-06 9.999246001243591309e-01 7.330541848205029964e-05
1.754860818437009584e-06 9.999937415122985840e-01 4.363691459730034694e-06
8.001542823876661714e-07 9.999985098838806152e-01 5.408562060438271146e-07
9.990573525428771973e-01 1.241587256117782090e-06 9.414234082214534283e-04
9.992949962615966797e-01 8.269085083156824112e-05 6.223606178537011147e-04
3.977827844892090070e-08 9.999988675117492676e-01 1.104953867070435081e-06
1.577544026076793671e-04 4.488211998250335455e-04 9.993933439254760742e-01
8.077266102191060781e-05 9.943264722824096680e-01 5.592884030193090439e-03
1.552194225951097906e-05 9.999100565910339355e-01 7.436073792632669210e-05
8.145903944969177246e-01 5.419292720034718513e-04 1.848676800727844238e-01
4.972840088157681748e-06 9.998452663421630859e-01 1.496899931225925684e-04
1.821371006371919066e-05 2.275926992297172546e-02 9.772224426269531250e-01
8.433572947978973389e-03 9.915395379066467285e-01 2.683458660612814128e-05
4.410507972352206707e-05 9.998624324798583984e-01 9.348993626190349460e-05
3.155514132231473923e-04 9.983636140823364258e-01 1.320981187745928764e-03
2.406819723546504974e-02 2.658004499971866608e-02 9.493518471717834473e-01
2.870764910767320544e-05 9.999259114265441895e-01 4.530893784249201417e-05
6.880532600916922092e-05 5.575594259425997734e-04 9.993736147880554199e-01
3.277731366324587725e-06 9.996154904365539551e-01 3.812554350588470697e-04
3.163925604894757271e-03 2.635058714076876640e-03 9.942010045051574707e-01
1.495770364999771118e-01 1.138490333687514067e-04 8.503090739250183105e-01
3.749186918139457703e-02 6.946096196770668030e-03 9.555621147155761719e-01
5.506860179593786597e-05 9.806336164474487305e-01 1.931136287748813629e-02
9.998397827148437500e-01 4.131720197619870305e-05 1.190084658446721733e-04
6.175040653033647686e-06 6.064589023590087891e-01 3.935348987579345703e-01
2.032847135069459910e-07 9.999939799308776855e-01 5.777393198513891548e-06
3.563114432836300693e-06 9.996935129165649414e-01 3.029214858543127775e-04
9.999392628669738770e-01 1.486914879933465272e-05 4.571415047394111753e-05
8.845392148941755295e-04 4.494434688240289688e-03 9.946209192276000977e-01
2.033460532402386889e-06 9.999890923500061035e-01 8.850396625348366797e-06
1.683536022901535034e-01 7.332348823547363281e-01 9.841150045394897461e-02
9.785393476486206055e-01 6.909984949743375182e-05 2.139154449105262756e-02
2.802833623718470335e-04 9.868351221084594727e-01 1.288445573300123215e-02
9.481127262115478516e-01 1.169484015554189682e-02 4.019237309694290161e-02
3.133306381641887128e-05 9.998918175697326660e-01 7.670655031688511372e-05
4.207475576549768448e-03 5.676951631903648376e-02 9.390230178833007812e-01
9.955404996871948242e-01 2.440343223497620784e-06 4.457100760191679001e-03
6.097216391935944557e-04 5.028992891311645508e-04 9.988874197006225586e-01
9.945474267005920410e-01 2.910992829129099846e-03 2.541610039770603180e-03
9.999824166297912598e-01 4.592854168095072964e-07 1.707161209196783602e-05
3.079496382270008326e-04 9.995622038841247559e-01 1.298278803005814552e-04
1.069318784630013397e-07 9.999973177909851074e-01 2.534413397370371968e-06
1.591184874996542931e-03 9.980593323707580566e-01 3.493859549053013325e-04
