----------PROBABILITY----------
4.382112024359230418e-07 9.999971985816955566e-01 2.315373194505809806e-06
9.999921917915344238e-01 4.778463335242122412e-06 2.988207597809378058e-06
9.999966025352478027e-01 2.986437493746052496e-06 3.823310237294208491e-07
5.323897767084417865e-06 9.999846816062927246e-01 9.849146408669184893e-06
9.999975562095642090e-01 2.218995405200985260e-06 1.272378966632459196e-07
2.507766112103126943e-06 2.232881797681329772e-06 9.999951720237731934e-01
1.847633533179759979e-02 3.532825708389282227e-01 6.282410621643066406e-01
1.710017025470733643e-02 1.123224734328687191e-03 9.817765951156616211e-01
9.998743534088134766e-01 1.197555902763269842e-04 5.998987944622058421e-06
3.564853395801037550e-04 8.066821028478443623e-04 9.988368153572082520e-01
4.335835110396146774e-04 1.207140041515231133e-03 9.983593225479125977e-01
9.988824129104614258e-01 4.474375164136290550e-04 6.701943348161876202e-04
1.969034747162368149e-05 9.999117255210876465e-01 6.849051715107634664e-05
9.999998211860656738e-01 7.013704816927202046e-08 2.316123293155669671e-08
2.070039772661402822e-05 4.197470843791961670e-06 9.999750256538391113e-01
2.329567447304725647e-02 2.501656068488955498e-03 9.742026329040527344e-01
9.881699085235595703e-01 2.626099390909075737e-03 9.203999303281307220e-03
7.168584503233432770e-03 2.494510076940059662e-02 9.678863286972045898e-01
9.999993443489074707e-01 1.122120991681185842e-07 5.308540380610793363e-07
4.868316054344177246e-01 2.122209779918193817e-02 4.919462800025939941e-01
5.920572206377983093e-03 9.936400651931762695e-01 4.393700801301747561e-04
9.978286623954772949e-01 2.084684092551469803e-03 8.658428123453631997e-05
1.579012139700353146e-03 9.982557892799377441e-01 1.651811326155439019e-04
1.085901567421387881e-05 9.998802542686462402e-01 1.088784920284524560e-04
2.340049296617507935e-01 6.707320809364318848e-01 9.526304155588150024e-02
9.999797940254211426e-01 1.887069629447069019e-05 1.265592118215863593e-06
6.783306162105873227e-05 4.910688221571035683e-05 9.998829960823059082e-01
2.674375846982002258e-02 4.052555887028574944e-04 9.728509187698364258e-01
9.999085068702697754e-01 3.761644256883300841e-05 5.373778549255803227e-05
1.242143334820866585e-03 4.748079518321901560e-04 9.982830286026000977e-01
9.904173016548156738e-01 7.174292113631963730e-03 2.408362459391355515e-03
1.936978776939213276e-03 8.676716089248657227e-01 1.303913444280624390e-01
1.591627020388841629e-03 8.925767540931701660e-01 1.058317646384239197e-01
2.467037993483245373e-04 1.558535150252282619e-03 9.981947541236877441e-01
8.896286785602569580e-02 9.068251848220825195e-01 4.211859311908483505e-03
2.531569683924317360e-03 4.666082561016082764e-03 9.928023815155029297e-01
2.285480266436934471e-03 9.976468086242675781e-01 6.763347482774406672e-05
3.018929055542685091e-05 9.997935295104980469e-01 1.763936888892203569e-04
3.413413837552070618e-02 9.640818834304809570e-01 1.783973420970141888e-03
2.006648806855082512e-03 8.501103729940950871e-04 9.971432685852050781e-01
4.402459859848022461e-01 4.610804319381713867e-01 9.867361187934875488e-02
9.750251173973083496e-01 2.247717790305614471e-02 2.497674897313117981e-03
9.999998211860656738e-01 1.745300721722742310e-07 4.629272254419447563e-08
4.313946962356567383e-01 1.330022215843200684e-01 4.356030523777008057e-01
8.116781711578369141e-03 9.915304780006408691e-01 3.527983790263533592e-04
5.968476398265920579e-05 1.942391099873930216e-05 9.999207854270935059e-01
9.999973177909851074e-01 1.190934085570916068e-06 1.477084197176736780e-06
9.999138712882995605e-01 7.981607632245868444e-05 6.251261311263078824e-06
1.353171886876225471e-03 2.124183811247348785e-05 9.986255764961242676e-01
1.582085192203521729e-01 2.338812351226806641e-01 6.079102158546447754e-01
1.137520212068920955e-05 1.566219566484505776e-06 9.999869465827941895e-01
3.414807142689824104e-04 1.384082770528038964e-05 9.996446371078491211e-01
6.352055668830871582e-01 4.492837761063128710e-04 3.643450736999511719e-01
9.999806284904479980e-01 1.598315611772704870e-05 3.339275281177833676e-06
9.999766945838928223e-01 7.064190867822617292e-06 1.625421828066464514e-05
4.963927858625538647e-05 1.200082078867126256e-05 9.999383091926574707e-01
5.482501001097261906e-04 1.909573678858578205e-03 9.975420236587524414e-01
9.999974370002746582e-01 2.031457825069082901e-06 4.736666596727445722e-07
5.629779770970344543e-04 9.990102648735046387e-01 4.266744072083383799e-04
9.979880452156066895e-01 9.351440530735999346e-05 1.918378518894314766e-03
3.017186652868986130e-03 8.099506497383117676e-01 1.870322674512863159e-01
9.997720718383789062e-01 2.227962104370817542e-04 5.249407422525109723e-06
3.004622757434844971e-01 4.747386276721954346e-02 6.520638465881347656e-01
9.996803998947143555e-01 5.533082367037422955e-05 2.643071638885885477e-04
7.052733302116394043e-01 4.047638177871704102e-02 2.542502284049987793e-01
4.018044273834675550e-05 2.324036904610693455e-04 9.997274875640869141e-01
7.378940284252166748e-02 4.286490008234977722e-02 8.833457231521606445e-01
1.667050673859193921e-05 9.514901466900482774e-05 9.998881220817565918e-01
4.514091610908508301e-01 5.484074950218200684e-01 1.832816487876698375e-04
6.113089155405759811e-03 9.454301595687866211e-01 4.845679178833961487e-02
8.758078911341726780e-05 9.997959136962890625e-01 1.164960267487913370e-04
4.357593570603057742e-05 4.543547402136027813e-05 9.999108910560607910e-01
4.490195214748382568e-02 9.239546954631805420e-03 9.458584785461425781e-01
4.075645483681000769e-05 9.998469352722167969e-01 1.123467809520661831e-04
1.664145383983850479e-03 5.814478732645511627e-03 9.925213456153869629e-01
3.137692601740127429e-06 9.999513030052185059e-01 4.557644570013508201e-05
9.995653033256530762e-01 4.344334229244850576e-05 3.911950625479221344e-04
2.031255364418029785e-01 8.936471305787563324e-03 7.879379987716674805e-01
2.360362414037808776e-04 9.981792569160461426e-01 1.584665616974234581e-03
1.009370635074446909e-06 9.999925494194030762e-01 6.383368145179701969e-06
1.296919549531594384e-06 9.999966025352478027e-01 1.986927372854552232e-06
4.487109370529651642e-03 1.835029106587171555e-04 9.953293800354003906e-01
9.998373985290527344e-01 1.618210226297378540e-04 6.567187256223405711e-07
9.995604157447814941e-01 3.274717018939554691e-04 1.121405584854073822e-04
9.999546408653259277e-01 4.409480243339203298e-05 1.184424945677164942e-06
4.017303217551670969e-05 9.996212124824523926e-01 3.386906173545867205e-04
1.846917159855365753e-02 9.565789699554443359e-01 2.495184727013111115e-02
9.267204603702339227e-08 9.999995827674865723e-01 2.222811019692016998e-07
9.999998211860656738e-01 8.425809738810130511e-08 5.662952418106215191e-08
3.124820590019226074e-01 2.013045176863670349e-02 6.673875451087951660e-01
8.313567377626895905e-05 5.320362834027037024e-05 9.998636245727539062e-01
6.768034654669463634e-05 9.998178482055664062e-01 1.145693386206403375e-04
4.891570424661040306e-04 4.986284184269607067e-04 9.990121722221374512e-01
5.333563894964754581e-04 9.945285320281982422e-01 4.938042722642421722e-03
4.478607326745986938e-03 2.121713161468505859e-01 7.833500504493713379e-01
9.999970793724060059e-01 8.442070225100906100e-07 1.994457761611556634e-06
2.485336335666943341e-05 3.648982616141438484e-03 9.963261485099792480e-01
2.059298367385054007e-06 9.999828934669494629e-01 1.505130512668984011e-05
8.315633051097393036e-03 7.893747091293334961e-02 9.127469062805175781e-01
9.816036820411682129e-01 1.383734587579965591e-02 4.559016320854425430e-03
3.562368817711103475e-07 9.999948143959045410e-01 4.736783466796623543e-06
9.999992251396179199e-01 5.634304329760198016e-07 1.714715267553401645e-07
1.120021915994584560e-04 9.990081191062927246e-01 8.798928465694189072e-04
4.812326515093445778e-04 9.981563091278076172e-01 1.362403272651135921e-03
1.573394867591559887e-03 3.096845175605267286e-04 9.981169104576110840e-01
1.821962930262088776e-02 5.656817555427551270e-02 9.252122640609741211e-01
2.625451050698757172e-02 5.183292031288146973e-01 4.554162621498107910e-01
9.899311065673828125e-01 8.872148580849170685e-03 1.196735887788236141e-03
9.988957643508911133e-01 2.602835884317755699e-04 8.438449003733694553e-04
2.449153456836938858e-03 3.992537967860698700e-03 9.935583472251892090e-01
7.713682055473327637e-01 1.843789219856262207e-01 4.425283893942832947e-02
2.969276010844623670e-06 9.999403357505798340e-01 5.656433495460078120e-05
9.999976754188537598e-01 1.815556402107176837e-06 4.517846718954388052e-07
4.657044883060734719e-06 1.366565538774011657e-05 9.999815821647644043e-01
1.749163129716180265e-05 9.999405741691589355e-01 4.188823368167504668e-05
9.996343851089477539e-01 1.115502382162958384e-04 2.540311543270945549e-04
3.646678291261196136e-03 9.957463145256042480e-01 6.070159142836928368e-04
1.394886337220668793e-02 7.279729843139648438e-02 9.132538437843322754e-01
1.591103064129129052e-04 9.988549947738647461e-01 9.857451077550649643e-04
3.012420842424035072e-03 2.582286670804023743e-02 9.711647033691406250e-01
2.539870887994766235e-02 5.038247630000114441e-02 9.242187142372131348e-01
2.605409361422061920e-03 2.348454445600509644e-01 7.625491619110107422e-01
2.609321381896734238e-05 9.999576210975646973e-01 1.621402589080389589e-05
1.277271658182144165e-04 9.997780323028564453e-01 9.426610631635412574e-05
6.596727325813844800e-05 9.997839927673339844e-01 1.501234073657542467e-04
3.047803649678826332e-03 5.350505671231076121e-05 9.968986511230468750e-01
1.091189868748188019e-02 9.885069727897644043e-01 5.810818984173238277e-04
8.483053445816040039e-01 1.488907933235168457e-01 2.803878858685493469e-03
1.564045846462249756e-01 3.963284939527511597e-02 8.039625287055969238e-01
9.865009784698486328e-01 3.765243571251630783e-03 9.733898565173149109e-03
8.827343583106994629e-02 7.553239464759826660e-01 1.564025729894638062e-01
2.488841164449695498e-05 9.997856616973876953e-01 1.895010063890367746e-04
3.747995651792734861e-05 9.942502379417419434e-01 5.712273530662059784e-03
1.673332189966458827e-05 9.998974204063415527e-01 8.581472502555698156e-05
9.999991059303283691e-01 8.822763106763886753e-07 5.447520834422903135e-08
8.723931387066841125e-03 9.874975681304931641e-01 3.778397571295499802e-03
1.286285737478465308e-06 4.861545221501728520e-06 9.999937415122985840e-01
9.874173998832702637e-01 2.104846527799963951e-03 1.047762669622898102e-02
3.868536805384792387e-05 9.997447729110717773e-01 2.164937613997608423e-04
7.757469415664672852e-01 1.942194104194641113e-01 3.003356419503688812e-02
5.141966994415270165e-07 9.999880194664001465e-01 1.143841745943063870e-05
9.865707159042358398e-01 1.199828274548053741e-02 1.430985634215176105e-03
9.999806284904479980e-01 1.878794864751398563e-05 5.117879027238814160e-07
9.998672008514404297e-01 9.840389975579455495e-05 3.448518327786587179e-05
2.150499494746327400e-04 3.799214609898626804e-04 9.994050264358520508e-01
6.084577180445194244e-04 2.739357203245162964e-02 9.719979763031005859e-01
4.183883902442175895e-06 4.255586190993199125e-06 9.999914765357971191e-01
2.039014594629406929e-03 9.962942004203796387e-01 1.666752388700842857e-03
3.266697516664862633e-03 9.802340865135192871e-01 1.649909280240535736e-02
1.024332668748684227e-04 5.950808190391398966e-05 9.998381137847900391e-01
7.157190237194299698e-03 8.813970088958740234e-01 1.114457473158836365e-01
1.123142079450190067e-03 2.063785642385482788e-01 7.924981713294982910e-01
7.217640086309984326e-05 9.997410774230957031e-01 1.867765677161514759e-04
1.214402145706117153e-04 9.119928290601819754e-05 9.997873306274414062e-01
8.770875632762908936e-03 9.854347109794616699e-01 5.794314667582511902e-03
9.999335408210754395e-01 6.599557673325762153e-05 3.237395276300958358e-07
9.641648530960083008e-01 2.938563004136085510e-03 3.289641067385673523e-02
3.243371844291687012e-02 9.672661423683166504e-01 3.001631412189453840e-04
1.287898514419794083e-02 1.588483341038227081e-02 9.712362289428710938e-01
4.136680960655212402e-01 9.550421684980392456e-02 4.908277988433837891e-01
8.731365087442100048e-04 9.702091217041015625e-01 2.891785278916358948e-02
4.580748267471790314e-03 5.696360953152179718e-03 9.897229075431823730e-01
8.671903051435947418e-04 1.076525077223777771e-03 9.980562329292297363e-01
3.883358538150787354e-01 5.952181816101074219e-01 1.644597761332988739e-02
2.750432577158790082e-05 9.991516470909118652e-01 8.208327926695346832e-04
9.994415044784545898e-01 4.616396909113973379e-04 9.681524534244090319e-05
9.999652504920959473e-01 3.236868360545486212e-05 2.285838718307786621e-06
9.999634623527526855e-01 8.958157195593230426e-06 2.750767453107982874e-05
9.999993443489074707e-01 5.932205340286600403e-07 1.979841712795860076e-08
1.229863391927210614e-05 1.533195318188518286e-04 9.998342990875244141e-01
7.060442119836807251e-03 9.905873537063598633e-01 2.352178096771240234e-03
2.198687568306922913e-02 3.941996097564697266e-01 5.838134288787841797e-01
4.478876888751983643e-01 1.675511011853814125e-03 5.504367351531982422e-01
6.368895526975393295e-03 3.443240129854530096e-04 9.932868480682373047e-01
1.603580130904447287e-05 2.220159331045579165e-05 9.999616742134094238e-01
4.703142258222214878e-05 3.807689354289323092e-04 9.995722174644470215e-01
4.201054573059082031e-01 5.417490005493164062e-01 3.814550116658210754e-02
3.877253038808703423e-05 2.967977161461021751e-05 9.999315142631530762e-01
2.977093390654772520e-04 2.132250665454193950e-05 9.996809959411621094e-01
2.502360439393669367e-05 9.999682307243347168e-01 6.624477009609108791e-06
3.911896646022796631e-01 1.806962490081787109e-02 5.907407402992248535e-01
1.952784485183656216e-03 3.536779549904167652e-04 9.976935386657714844e-01
9.999932646751403809e-01 4.928287125949282199e-06 1.774261022546852473e-06
8.751809597015380859e-01 5.588599946349859238e-03 1.192303821444511414e-01
4.457096382975578308e-02 5.072175990790128708e-03 9.503567814826965332e-01
9.783610701560974121e-01 1.510372292250394821e-02 6.535282824188470840e-03
9.999957680702209473e-01 3.142767809549695812e-06 1.073914518201490864e-06
2.190739614889025688e-04 5.879316086065955460e-05 9.997221231460571289e-01
6.769272149540483952e-04 7.420671754516661167e-04 9.985810518264770508e-01
9.996790885925292969e-01 1.126079732785001397e-04 2.082524588331580162e-04
5.275497096590697765e-05 8.259733294835314155e-05 9.998645782470703125e-01
9.370897314511239529e-04 5.091631412506103516e-01 4.898996651172637939e-01
5.035990849137306213e-02 1.422486007213592529e-01 8.073914051055908203e-01
6.949854083359241486e-03 9.889163076877593994e-03 9.831609129905700684e-01
1.493310439400374889e-03 9.364441037178039551e-01 6.206262484192848206e-02
9.999127984046936035e-01 8.657733269501477480e-05 5.588669296230364125e-07
6.798626145609887317e-06 9.999611973762512207e-01 3.195707904524169862e-05
7.325240858335746452e-06 9.999217391014099121e-01 7.088970596669241786e-05
7.651293650269508362e-03 5.218813894316554070e-04 9.918266534805297852e-01
9.932880997657775879e-01 1.697559608146548271e-03 5.014340858906507492e-03
2.893400087486952543e-04 6.821065471740439534e-05 9.996424913406372070e-01
4.166993312537670135e-03 3.231791488360613585e-04 9.955098628997802734e-01
9.999951720237731934e-01 2.430056156299542636e-06 2.431973598504555412e-06
7.072857697494328022e-04 4.320045700296759605e-04 9.988607168197631836e-01
9.766513109207153320e-01 2.173840999603271484e-02 1.610148116014897823e-03
9.999914765357971191e-01 1.592661305949150119e-06 6.962073257454903796e-06
1.269483566284179688e-02 2.276256127515807748e-04 9.870775341987609863e-01
9.597962349653244019e-02 6.690669059753417969e-02 8.371136784553527832e-01
1.882252399809658527e-05 2.535879275455954485e-06 9.999786019325256348e-01
4.638261161744594574e-03 5.784372333437204361e-04 9.947834014892578125e-01
4.580290988087654114e-05 9.999087452888488770e-01 4.544447438092902303e-05
4.854023456573486328e-03 9.790830016136169434e-01 1.606304012238979340e-02
1.321673858910799026e-03 2.602145541459321976e-03 9.960761070251464844e-01
9.428949952125549316e-01 2.808042615652084351e-02 2.902449853718280792e-02
6.381521234288811684e-05 9.998362064361572266e-01 1.001582568278536201e-04
8.511771011399105191e-05 4.193751738057471812e-05 9.998729228973388672e-01
1.405444550073298160e-06 9.999960064888000488e-01 2.473463382557383738e-06
9.999561905860900879e-01 7.070448646118165925e-06 3.668906720122322440e-05
7.967234705574810505e-05 9.999186396598815918e-01 1.642916231503477320e-06
2.263161540031433105e-02 9.772071838378906250e-01 1.611171173863112926e-04
9.998925328254699707e-01 3.349060716573148966e-05 7.385580101981759071e-05
2.910806564614176750e-03 2.719205617904663086e-02 9.698970317840576172e-01
3.921358802472241223e-05 1.524691178929060698e-04 9.998083114624023438e-01
9.998819231986999512e-01 9.085743658943101764e-05 2.719499207159969956e-05
2.400695666437968612e-05 9.999533295631408691e-01 2.266156297991983593e-05
3.998712450265884399e-02 2.370418459177017212e-01 7.229710221290588379e-01
1.404723093401116785e-07 9.999989867210388184e-01 7.807645943103125319e-07
9.999631047248840332e-01 1.103478552977321669e-05 2.570494325482286513e-05
7.657988317077979445e-05 9.991664290428161621e-01 7.569950539618730545e-04
9.999986290931701660e-01 2.052919398920494132e-07 1.067519292519136798e-06
5.716066152672283351e-05 5.521265848074108362e-05 9.998875260353088379e-01
1.713646342977881432e-03 8.994851668830960989e-06 9.982774257659912109e-01
9.998813271522521973e-01 1.176122823380865157e-04 9.065734616342524532e-07
9.999336600303649902e-01 7.344648565776878968e-06 5.889719977858476341e-05
9.999797940254211426e-01 1.972281097550876439e-05 5.093722847959725186e-07
3.134699363727122545e-04 4.262351430952548981e-04 9.992603063583374023e-01
9.928880929946899414e-01 6.438665557652711868e-03 6.732535548508167267e-04
2.161870652344077826e-04 9.997166395187377930e-01 6.723387923557311296e-05
1.611666567623615265e-02 4.334427067078649998e-04 9.834497570991516113e-01
3.915575519204139709e-02 9.509600996971130371e-01 9.884073399007320404e-03
6.760737303324049208e-09 9.999999403953552246e-01 5.145910364490191569e-08
9.988390803337097168e-01 1.106514362618327141e-03 5.447212242870591581e-05
5.200190571486018598e-05 5.334202433004975319e-04 9.994145631790161133e-01
9.732180833816528320e-01 5.864871665835380554e-03 2.091700211167335510e-02
9.668321581557393074e-05 8.968094334704801440e-06 9.998943209648132324e-01
9.606570005416870117e-01 3.882545232772827148e-02 5.174648249521851540e-04
5.748364856117404997e-06 9.999493956565856934e-01 4.487575279199518263e-05
1.212496310472488403e-03 9.959033727645874023e-01 2.884030574932694435e-03
1.696584396995604038e-03 1.488635200075805187e-03 9.968147873878479004e-01
9.999691843986511230e-01 2.436766044411342591e-05 6.482750904979184270e-06
8.781524343248747755e-07 9.999946951866149902e-01 4.369167072582058609e-06
9.999899268150329590e-01 3.230048150726361200e-06 6.831064183643320575e-06
5.684242569259367883e-05 5.089542901259846985e-05 9.998921751976013184e-01
9.998536109924316406e-01 1.099660585168749094e-04 3.632027073763310909e-05
2.400295622646808624e-02 8.204983547329902649e-03 9.677920937538146973e-01
5.845884152222424746e-05 6.468237552326172590e-05 9.998769760131835938e-01
1.380088069709017873e-04 5.827129352837800980e-04 9.992792606353759766e-01
2.918310463428497314e-03 1.531162858009338379e-01 8.439653515815734863e-01
1.220546755939722061e-02 3.406734613236039877e-04 9.874537587165832520e-01
4.938917118124663830e-05 4.721794539364054799e-05 9.999033808708190918e-01
9.999991059303283691e-01 6.937963235031929798e-07 9.382896593024270260e-08
9.999784827232360840e-01 1.987074392673093826e-05 1.530430040475039277e-06
9.482505847699940205e-04 2.600761130452156067e-03 9.964509606361389160e-01
9.925867319107055664e-01 1.818881602957844734e-03 5.594349466264247894e-03
3.792837742366828024e-05 9.987881183624267578e-01 1.174008124507963657e-03
6.682452749373624101e-06 9.999710917472839355e-01 2.211385435657575727e-05
1.020177587633952498e-04 9.862247705459594727e-01 1.367314625531435013e-02
3.309703606646507978e-04 1.025771707645617425e-04 9.995664954185485840e-01
4.417606105562299490e-04 9.992768764495849609e-01 2.813311293721199036e-04
1.454862393438816071e-02 9.680771827697753906e-01 1.737413182854652405e-02
9.993858933448791504e-01 5.793543532490730286e-04 3.481809471850283444e-05
1.929071913764346391e-05 9.998588562011718750e-01 1.217662065755575895e-04
1.817743736864940729e-06 9.999619126319885254e-01 3.619746712502092123e-05
4.171387445239815861e-06 9.999871850013732910e-01 8.598746717325411737e-06
5.475473585647705477e-07 9.999983906745910645e-01 9.445705586585972924e-07
3.273511305451393127e-03 2.938566207885742188e-01 7.028697729110717773e-01
1.613287458894774318e-04 5.904363206354901195e-06 9.998328685760498047e-01
9.979104995727539062e-01 1.569780055433511734e-03 5.197066348046064377e-04
3.362882733345031738e-01 3.155724406242370605e-01 3.481393158435821533e-01
1.983870461117476225e-04 5.730187403969466686e-04 9.992285966873168945e-01
3.431326767895370722e-04 3.761628977372311056e-05 9.996193051338195801e-01
1.542308367788791656e-03 9.954506754875183105e-01 3.007025690749287605e-03
2.795422733470331877e-05 9.999192357063293457e-01 5.272249472909606993e-05
9.983533620834350586e-01 2.861187967937439680e-04 1.360494061373174191e-03
9.999354481697082520e-01 5.694228093489073217e-05 7.513796390412608162e-06
9.999992251396179199e-01 4.217547200369153870e-08 7.426056072290521115e-07
5.621928721666336060e-04 2.631795033812522888e-02 9.731197953224182129e-01
1.321072486462071538e-04 6.182555807754397392e-05 9.998061656951904297e-01
1.987389754503965378e-03 9.916251301765441895e-01 6.387443281710147858e-03
9.996258616447448730e-01 3.095859137829393148e-04 6.453656533267349005e-05
8.789524435997009277e-03 3.054640814661979675e-02 9.606640338897705078e-01
2.169396611861884594e-04 9.951497912406921387e-01 4.633219446986913681e-03
9.999224543571472168e-01 7.121684757294133306e-05 6.362688509398140013e-06
9.999267458915710449e-01 3.527515946188941598e-05 3.791769631789065897e-05
9.999991059303283691e-01 6.576519950840520323e-08 7.171392439886403736e-07
1.784159801900386810e-02 5.717914104461669922e-01 4.103670716285705566e-01
2.010892480611801147e-01 7.171476259827613831e-03 7.917392849922180176e-01
1.028357888571918011e-03 9.878494143486022949e-01 1.112212147563695908e-02
9.954313635826110840e-01 1.227072498295456171e-04 4.445952828973531723e-03
1.667499775066971779e-03 5.691028782166540623e-04 9.977633357048034668e-01
5.973635613918304443e-02 2.224288582801818848e-01 7.178347706794738770e-01
2.444539917632937431e-03 9.937861561775207520e-01 3.769188886508345604e-03
1.558060175739228725e-03 3.299747360870242119e-03 9.951421618461608887e-01
1.567171057104133070e-05 9.999366402626037598e-01 4.763086326420307159e-05
3.849385830108076334e-04 9.988743066787719727e-01 7.406311924569308758e-04
1.257526455447077751e-04 3.107970347627997398e-03 9.967662692070007324e-01
5.179285653866827488e-05 1.283304882235825062e-03 9.986648559570312500e-01
9.999995827674865723e-01 1.178596775730511581e-07 2.618864414216659497e-07
1.427092999219894409e-01 7.917429208755493164e-01 6.554777920246124268e-02
4.645245149731636047e-02 4.690097644925117493e-02 9.066466093063354492e-01
9.655238389968872070e-01 5.239193793386220932e-03 2.923684753477573395e-02
5.105728632770478725e-04 9.978091716766357422e-01 1.680293120443820953e-03
9.988313317298889160e-01 6.953999400138854980e-05 1.099173445254564285e-03
9.999998211860656738e-01 7.334445939477518550e-08 6.598395163592840618e-09
8.379652164876461029e-03 8.772511137067340314e-06 9.916116595268249512e-01
7.635211804881691933e-04 1.311782863922417164e-03 9.979247450828552246e-01
1.269295066595077515e-01 9.440328180789947510e-02 7.786670923233032227e-01
7.398393936455249786e-04 1.778494515747297555e-05 9.992424249649047852e-01
4.736378832603804767e-05 9.999403357505798340e-01 1.227626671607140452e-05
9.990999698638916016e-01 3.573348512873053551e-04 5.427809664979577065e-04
3.860601456835865974e-03 9.944006204605102539e-01 1.738820457831025124e-03
2.020664513111114502e-03 3.969878889620304108e-03 9.940094947814941406e-01
1.434944570064544678e-01 4.796118009835481644e-03 8.517094254493713379e-01
3.731441975105553865e-04 6.580898771062493324e-04 9.989686012268066406e-01
9.562070369720458984e-01 8.515016175806522369e-03 3.527788072824478149e-02
9.619130492210388184e-01 3.106109052896499634e-02 7.025777362287044525e-03
9.883192777633666992e-01 4.139761906117200851e-03 7.540975697338581085e-03
4.164634272456169128e-03 1.413007150404155254e-03 9.944223165512084961e-01
6.203679367899894714e-04 9.924704432487487793e-01 6.909009534865617752e-03
2.019131369888782501e-02 5.086803436279296875e-02 9.289406538009643555e-01
9.999815821647644043e-01 3.906798156094737351e-06 1.439836614736123011e-05
1.034837478073313832e-04 9.995422959327697754e-01 3.542811318766325712e-04
9.999979138374328613e-01 1.955178277057711966e-06 9.660385558163397945e-08
3.571682572364807129e-01 5.950234830379486084e-03 6.368814706802368164e-01
1.472976058721542358e-03 2.140086609870195389e-03 9.963870644569396973e-01
3.516790922731161118e-03 4.482687450945377350e-03 9.920005202293395996e-01
4.430749118328094482e-01 7.935301214456558228e-02 4.775719940662384033e-01
6.774080975446850061e-05 9.998123645782470703e-01 1.199870821437798440e-04
9.886432439088821411e-03 9.864874482154846191e-01 3.626161022111773491e-03
1.494021154940128326e-02 8.397380113601684570e-01 1.453218460083007812e-01
9.998543262481689453e-01 6.218178896233439445e-05 8.358302147826179862e-05
5.991891957819461823e-03 9.750272035598754883e-01 1.898084767162799835e-02
2.528390905354171991e-05 1.197386591229587793e-04 9.998550415039062500e-01
2.042861751760938205e-06 9.995530247688293457e-01 4.449807747732847929e-04
9.999973177909851074e-01 2.479499698893050663e-07 2.341114168302738108e-06
2.029108814895153046e-03 1.822408055886626244e-03 9.961484670639038086e-01
6.676061457255855203e-05 9.998586177825927734e-01 7.461853965651243925e-05
9.999647736549377441e-01 3.202526204404421151e-05 3.067985744564794004e-06
9.999067187309265137e-01 8.609086216893047094e-05 7.166740488173672929e-06
9.986723661422729492e-01 1.262568286620080471e-03 6.511387618957087398e-05
8.470639586448669434e-01 1.913978345692157745e-02 1.337962597608566284e-01
9.999926686286926270e-01 4.484289092943072319e-06 2.796141416183672845e-06
2.355592511594295502e-02 9.702712297439575195e-01 6.172864697873592377e-03
7.440011540893465281e-05 9.999226927757263184e-01 2.832361360560753383e-06
9.999942183494567871e-01 4.351168627181323245e-06 1.314565110988041852e-06
1.220643571286927909e-05 6.951091563678346574e-06 9.999807476997375488e-01
4.275893843441735953e-06 6.236001354409381747e-06 9.999894499778747559e-01
9.991250038146972656e-01 8.144260500557720661e-04 6.047494025551714003e-05
9.998464584350585938e-01 1.433339639334008098e-04 1.010946925816824660e-05
1.810506660149258096e-07 9.999985098838806152e-01 1.209217089126468636e-06
9.999820590019226074e-01 3.974887022195616737e-06 1.397104188072262332e-05
3.544843792915344238e-01 6.449529528617858887e-01 5.627434002235531807e-04
1.376475265715271235e-04 9.987947940826416016e-01 1.067499397322535515e-03
9.999212622642517090e-01 7.169644231908023357e-05 7.035112503217533231e-06
1.066482365131378174e-01 7.244112901389598846e-03 8.861075639724731445e-01
9.964286088943481445e-01 6.289027514867484570e-04 2.942435909062623978e-03
1.734148561954498291e-01 1.068479288369417191e-02 8.159003257751464844e-01
6.422876566648483276e-02 5.316189955919981003e-03 9.304550886154174805e-01
1.453529000282287598e-01 1.308568380773067474e-02 8.415613770484924316e-01
5.234392688180378173e-07 9.999924302101135254e-01 7.067940714478027076e-06
3.164322333759628236e-05 5.391078229877166450e-05 9.999143481254577637e-01
7.366396784782409668e-01 2.562318742275238037e-01 7.128435187041759491e-03
1.447740851290291175e-05 9.999831318855285645e-01 2.380432079007732682e-06
9.999774098396301270e-01 1.158724080596584827e-05 1.099765813705744222e-05
3.714076592586934566e-04 1.449130475521087646e-03 9.981793761253356934e-01
2.030492942139972001e-05 9.930666685104370117e-01 6.912817247211933136e-03
6.180256605148315430e-01 1.474913507699966431e-01 2.344830334186553955e-01
3.355108201503753662e-02 8.987040519714355469e-01 6.774476915597915649e-02
1.253991737030446529e-03 9.950960278511047363e-01 3.649987047538161278e-03
1.399513217620551586e-03 9.878856539726257324e-01 1.071476936340332031e-02
8.735898154554888606e-05 9.997930526733398438e-01 1.196787197841331363e-04
8.787758997641503811e-05 9.995256066322326660e-01 3.863617021124809980e-04
9.934003949165344238e-01 4.683216568082571030e-03 1.916268840432167053e-03
9.999199509620666504e-01 9.067637620319146663e-06 7.088012353051453829e-05
9.940071702003479004e-01 7.287539774551987648e-04 5.264152772724628448e-03
2.574208891019225121e-03 3.723726272583007812e-01 6.250531077384948730e-01
8.498209062963724136e-04 6.575041334144771099e-04 9.984925985336303711e-01
4.270200637535026544e-09 9.999994635581970215e-01 5.000923692932701670e-07
9.999619126319885254e-01 3.583274155971594155e-05 2.154823278033290990e-06
9.999964833259582520e-01 2.853101932487334125e-06 5.661014483848703094e-07
1.152603048831224442e-02 4.017335548996925354e-02 9.483007192611694336e-01
2.559050451964139938e-03 3.756213991437107325e-04 9.970652461051940918e-01
9.999250769615173340e-01 7.355511479545384645e-05 1.303834551436011679e-06
2.095108479261398315e-01 4.550856538116931915e-03 7.859382033348083496e-01
8.688586240168660879e-05 2.209621015936136246e-05 9.998909831047058105e-01
1.388446253258734941e-04 4.203619319014251232e-04 9.994407892227172852e-01
2.405450912192463875e-03 3.592897555790841579e-04 9.972351789474487305e-01
6.232663989067077637e-01 3.365654647350311279e-01 4.016811028122901917e-02
2.630898416100535542e-05 9.999654889106750488e-01 8.164464816218242049e-06
7.130071520805358887e-01 2.799250483512878418e-01 7.067766506224870682e-03
1.924396747199352831e-05 7.063346129143610597e-05 9.999100565910339355e-01
4.620006075128912926e-05 9.999334216117858887e-01 2.022826811298727989e-05
4.233135259710252285e-04 9.995141625404357910e-01 6.249456782825291157e-05
1.527308268123306334e-05 3.826985266641713679e-05 9.999464154243469238e-01
6.740869866916909814e-05 8.927161252358928323e-05 9.998433589935302734e-01
1.081646405509673059e-05 4.685048043029382825e-05 9.999422430992126465e-01
1.257884316146373749e-03 1.058439884218387306e-04 9.986363053321838379e-01
9.358085226267576218e-04 9.986023902893066406e-01 4.617540980689227581e-04
9.999582171440124512e-01 6.819053396611707285e-06 3.489582377369515598e-05
9.999913573265075684e-01 2.524659521441208199e-06 6.046469025022815913e-06
9.998154640197753906e-01 1.307970669586211443e-04 5.384985342971049249e-05
9.991011619567871094e-01 6.784456199966371059e-04 2.204762567998841405e-04
3.514658075687293604e-08 9.999997019767761230e-01 2.695518332984647714e-07
7.049777079373598099e-03 7.157872896641492844e-03 9.857923388481140137e-01
9.956527948379516602e-01 3.793779294937849045e-03 5.534833762794733047e-04
9.999998211860656738e-01 8.045378763199551031e-08 1.824264295180455520e-08
5.612185341306030750e-04 5.088024045107886195e-05 9.993879199028015137e-01
2.733925879001617432e-01 2.031350508332252502e-03 7.245760560035705566e-01
1.884054541587829590e-01 7.816895246505737305e-01 2.990499697625637054e-02
4.988413420505821705e-04 9.993997812271118164e-01 1.013495420920662582e-04
6.617373228073120117e-01 3.087181448936462402e-01 2.954441495239734650e-02
9.982810020446777344e-01 8.430368616245687008e-04 8.759945631027221680e-04
5.508382339030504227e-03 1.143349241465330124e-02 9.830580353736877441e-01
1.028094193316064775e-04 9.998204708099365234e-01 7.663988071726635098e-05
9.986550211906433105e-01 2.581659828138072044e-06 1.342363422736525536e-03
9.844210147857666016e-01 3.056270070374011993e-03 1.252264808863401413e-02
9.999999403953552246e-01 3.252537439379921125e-08 1.573442354185772274e-08
3.150923930661519989e-06 9.999802708625793457e-01 1.657742177485488355e-05
4.255448402545880526e-06 9.999170899391174316e-01 7.852780981920659542e-05
5.566232837736606598e-03 7.018216252326965332e-01 2.926121652126312256e-01
1.032296131597831845e-04 4.588282108306884766e-01 5.410684943199157715e-01
9.999982714653015137e-01 8.893810559129633475e-07 8.717339596842066385e-07
9.999907612800598145e-01 8.438060831394977868e-06 7.412938316520012449e-07
2.647200785577297211e-02 1.007526814937591553e-01 8.727752566337585449e-01
2.111326204612851143e-03 2.184916585683822632e-01 7.793970108032226562e-01
1.646659686230123043e-03 9.941573739051818848e-01 4.195891786366701126e-03
9.752347469329833984e-01 1.805431395769119263e-02 6.710845045745372772e-03
9.990949630737304688e-01 5.394296604208648205e-04 3.656609915196895599e-04
1.510003348812460899e-04 7.997456850716844201e-05 9.997689723968505859e-01
9.999889731407165527e-01 8.130995411192998290e-06 2.807414830385823734e-06
5.773444175720214844e-01 1.609193980693817139e-01 2.617361843585968018e-01
9.788995385169982910e-01 3.113724756985902786e-03 1.798675768077373505e-02
1.428699400275945663e-02 9.846596121788024902e-01 1.053422223776578903e-03
9.756488143466413021e-04 7.184823974967002869e-03 9.918395280838012695e-01
9.872969985008239746e-01 5.552354268729686737e-03 7.150663062930107117e-03
8.081347914412617683e-06 9.999755024909973145e-01 1.631947998248506337e-05
4.436396920937113464e-06 9.498586450717994012e-07 9.999945759773254395e-01
2.018986344337463379e-01 2.317880839109420776e-02 7.749224901199340820e-01
9.989948272705078125e-01 9.871739894151687622e-04 1.798760786186903715e-05
1.189608010463416576e-03 9.983889460563659668e-01 4.214500659145414829e-04
1.096577942371368408e-02 9.981414303183555603e-03 9.790527224540710449e-01
1.291022170335054398e-03 5.908791208639740944e-04 9.981181025505065918e-01
9.997603893280029297e-01 2.056810917565599084e-04 3.383246803423389792e-05
9.999583363533020020e-01 1.737481215968728065e-05 2.425261300231795758e-05
4.808355006389319897e-04 9.993647933006286621e-01 1.543422840768471360e-04
1.844441890716552734e-02 9.808837771415710449e-01 6.717970827594399452e-04
7.634792327880859375e-01 1.424938440322875977e-01 9.402694553136825562e-02
5.559337735176086426e-01 1.489041838794946671e-02 4.291757643222808838e-01
9.993645548820495605e-01 6.026484770700335503e-04 3.272400499554350972e-05
7.068161721690557897e-06 9.999817013740539551e-01 1.122620415117125958e-05
9.997670650482177734e-01 2.297030005138367414e-04 3.360481969139073044e-06
9.999858736991882324e-01 1.230239263350085821e-06 1.284900645259767771e-05
9.983348250389099121e-01 1.452663447707891464e-03 2.126048639183863997e-04
2.708660252392292023e-02 6.120162550359964371e-03 9.667932391166687012e-01
9.958059191703796387e-01 5.531386705115437508e-04 3.640973009169101715e-03
2.677065785974264145e-03 8.727061748504638672e-01 1.246168389916419983e-01
9.945693612098693848e-01 7.494690944440662861e-04 4.681192338466644287e-03
9.633719921112060547e-02 5.227340385317802429e-03 8.984355926513671875e-01
9.999831318855285645e-01 4.657416411646408960e-06 1.210322898259619251e-05
9.968185424804687500e-01 6.483109900727868080e-04 2.533144783228635788e-03
1.641212293179705739e-06 9.999909996986389160e-01 7.289078439498553053e-06
9.956081509590148926e-01 2.738740877248346806e-04 4.117923788726329803e-03
6.244907126529142261e-05 9.998968243598937988e-01 4.059652928845025599e-05
3.241706192493438721e-01 6.182484626770019531e-01 5.758094787597656250e-02
2.375853620469570160e-02 1.897787488996982574e-02 9.572636485099792480e-01
9.999846816062927246e-01 2.298616891494020820e-06 1.302482542087091133e-05
2.208727411925792694e-03 9.973033666610717773e-01 4.878847103100270033e-04
9.056955575942993164e-01 4.647786542773246765e-02 4.782646149396896362e-02
9.999991059303283691e-01 8.644098556942481082e-07 2.704326185209993128e-08
2.130400855094194412e-03 9.971500039100646973e-01 7.195611833594739437e-04
3.362882733345031738e-01 3.155724406242370605e-01 3.481393158435821533e-01
1.639321817492600530e-05 1.119252192438580096e-04 9.998717308044433594e-01
9.998104572296142578e-01 1.598917879164218903e-04 2.968563239846844226e-05
1.082843402400612831e-03 1.560668169986456633e-04 9.987610578536987305e-01
7.271967479027807713e-04 9.988496899604797363e-01 4.232266219332814217e-04
2.058015525108203292e-04 9.807158708572387695e-01 1.907838322222232819e-02
2.232561964774504304e-04 9.989521503448486328e-01 8.245541248470544815e-04
1.066929398803040385e-04 8.089711889624595642e-03 9.918034672737121582e-01
9.999251961708068848e-01 7.385202479781582952e-05 7.888128834565577563e-07
6.591461715288460255e-04 9.942513108253479004e-01 5.089493468403816223e-03
9.511429198028054088e-06 9.998240470886230469e-01 1.664761803112924099e-04
1.053096241321327398e-07 9.999994635581970215e-01 4.096969234979042085e-07
9.986308217048645020e-01 1.550958986626937985e-04 1.214055228047072887e-03
9.952900409698486328e-01 4.595293197780847549e-03 1.146640643128193915e-04
7.387631194433197379e-05 9.998602867126464844e-01 6.592255522264167666e-05
1.186299195978790522e-04 3.548489767126739025e-04 9.995264410972595215e-01
6.144243525341153145e-04 9.923933148384094238e-01 6.992210634052753448e-03
5.360838986234739423e-05 9.989048838615417480e-01 1.041437615640461445e-03
9.997465610504150391e-01 7.080885552568361163e-05 1.826742663979530334e-04
1.777898723958060145e-04 9.983481168746948242e-01 1.474109711125493050e-03
1.353316474705934525e-04 3.923232725355774164e-04 9.994722008705139160e-01
3.064383927267044783e-04 9.995979666709899902e-01 9.556530130794271827e-05
1.840319368056952953e-03 9.979845881462097168e-01 1.749677467159926891e-04
2.834374550729990005e-03 9.912105798721313477e-01 5.955080967396497726e-03
1.276591559872031212e-03 3.155340964440256357e-04 9.984079003334045410e-01
7.035834132693707943e-04 9.990639090538024902e-01 2.325319946976378560e-04
2.895170473493635654e-05 4.820949106942862272e-05 9.999228119850158691e-01
7.125500123947858810e-04 9.333457946777343750e-01 6.594169139862060547e-02
2.789946738630533218e-04 4.365126369521021843e-05 9.996774196624755859e-01
5.834163748659193516e-04 5.617366332444362342e-05 9.993603825569152832e-01
1.239834874868392944e-01 2.771574445068836212e-02 8.483007550239562988e-01
5.843385952175594866e-05 9.985217452049255371e-01 1.419762847945094109e-03
9.999436736106872559e-01 2.986531399074010551e-05 2.632156065374147147e-05
6.553397979587316513e-04 2.620451152324676514e-01 7.372995615005493164e-01
3.514658075687293604e-08 9.999997019767761230e-01 2.695518332984647714e-07
1.231092464877292514e-04 8.746027946472167969e-01 1.252740621566772461e-01
9.999169707298278809e-01 7.275021926034241915e-05 1.022151809593196958e-05
6.886375194881111383e-05 1.465263077989220619e-03 9.984658360481262207e-01
4.123805410927161574e-06 9.999923110008239746e-01 3.507824430926120840e-06
6.082227453589439392e-03 9.909074902534484863e-01 3.010147018358111382e-03
9.973483085632324219e-01 6.717690121149644256e-05 2.584548667073249817e-03
5.854045426190168655e-08 9.999880194664001465e-01 1.186920053442008793e-05
9.997158050537109375e-01 1.948027784237638116e-04 8.936422091210260987e-05
1.825577492127195001e-04 9.997913837432861328e-01 2.595417572592850775e-05
2.090358029818162322e-04 3.403872624039649963e-02 9.657522439956665039e-01
9.973211288452148438e-01 8.209898805944249034e-05 2.596836071461439133e-03
1.277240335184615105e-05 5.083329028821026441e-07 9.999867081642150879e-01
9.975629448890686035e-01 2.347595291212201118e-03 8.945029549067839980e-05
9.999998211860656738e-01 6.940618391126918141e-08 6.511093886274466058e-09
2.670145593583583832e-03 9.827457666397094727e-01 1.458405610173940659e-02
3.055732577195158228e-06 9.999559521675109863e-01 4.085979526280425489e-05
2.079770638374611735e-04 9.993830323219299316e-01 4.090440052095800638e-04
