----------PROBABILITY----------
1.115023167130857473e-07 9.999997019767761230e-01 1.110684593186306302e-07
9.999621510505676270e-01 1.777165198291186243e-05 2.000294080062303692e-05
9.999889731407165527e-01 1.054271069733658805e-05 4.518919070051197195e-07
1.059690362126275431e-06 9.999925494194030762e-01 6.267435310292057693e-06
9.999951720237731934e-01 1.664283786340092774e-07 4.596280177793232724e-06
7.746309165668208152e-06 5.424049504654249176e-06 9.999868273735046387e-01
3.593583824113011360e-04 4.774929839186370373e-04 9.991630911827087402e-01
1.419573184102773666e-02 4.776870831847190857e-03 9.810274243354797363e-01
9.999936223030090332e-01 5.791855528514133766e-06 5.278714638734527398e-07
2.374922332819551229e-04 5.299286171793937683e-02 9.467695951461791992e-01
2.681791409850120544e-02 7.980645447969436646e-02 8.933756947517395020e-01
9.999862313270568848e-01 2.245285259050433524e-06 1.139284722739830613e-05
3.797898825723677874e-04 9.995883107185363770e-01 3.194921373506076634e-05
9.999800324440002441e-01 1.695884384389501065e-05 3.002694484166568145e-06
6.161315013741841540e-07 6.878921965380868642e-08 9.999992251396179199e-01
5.491842748597264290e-04 7.934622117318212986e-04 9.986573457717895508e-01
9.991439580917358398e-01 6.943093030713498592e-04 1.617450325284153223e-04
1.794950477778911591e-02 4.033461585640907288e-02 9.417158961296081543e-01
9.997515678405761719e-01 2.468638704158365726e-04 1.679039883129007649e-06
4.263993203639984131e-01 1.851586624979972839e-03 5.717491507530212402e-01
1.458686310797929764e-04 9.998507499694824219e-01 3.437142140683135949e-06
9.999817013740539551e-01 1.370610516460146755e-05 4.579841061058687046e-06
4.096968623343855143e-04 9.995829463005065918e-01 7.393598025373648852e-06
2.197371941292658448e-04 9.997637271881103516e-01 1.649557270866353065e-05
4.497478716075420380e-03 9.954655170440673828e-01 3.717424260685220361e-05
9.999985098838806152e-01 8.496374448441201821e-07 6.266961918299784884e-07
5.906968908675480634e-06 3.843333252007141709e-05 9.999555945396423340e-01
2.323789289221167564e-03 2.706520899664610624e-05 9.976490736007690430e-01
9.999597668647766113e-01 2.579107058409135789e-05 1.439996140106813982e-05
4.451300774235278368e-04 4.538497523753903806e-05 9.995093941688537598e-01
9.070748090744018555e-01 4.509197548031806946e-03 8.841594308614730835e-02
8.734629373066127300e-04 9.895612597465515137e-01 9.565277956426143646e-03
2.823656890541315079e-03 7.808998823165893555e-01 2.162764817476272583e-01
4.147439085500082001e-06 1.317776309406326618e-06 9.999944567680358887e-01
2.198553830385208130e-01 7.789333462715148926e-01 1.211172901093959808e-03
1.396962670696666464e-05 5.657973815687000751e-05 9.999293684959411621e-01
2.403063408564776182e-04 9.996979236602783203e-01 6.187618419062346220e-05
1.106545482798537705e-06 9.999971985816955566e-01 1.707356545921356883e-06
1.493236632086336613e-04 9.998364448547363281e-01 1.413589416188187897e-05
3.652551458799280226e-05 1.092807389795780182e-03 9.988707304000854492e-01
1.833748668432235718e-01 6.910471320152282715e-01 1.255780905485153198e-01
9.719785451889038086e-01 2.593609690666198730e-02 2.085237065330147743e-03
9.999997019767761230e-01 1.279636130391281768e-08 2.071812872372902348e-07
7.198970913887023926e-01 3.294390812516212463e-02 2.471590638160705566e-01
4.560093511827290058e-04 9.990288615226745605e-01 5.150728975422680378e-04
9.380271848158372450e-08 1.529787709841912147e-07 9.999997019767761230e-01
9.999697804450988770e-01 1.696563231234904379e-06 2.844070331775583327e-05
9.999906420707702637e-01 4.864507445745402947e-06 4.449030711839441210e-06
9.974681735038757324e-01 4.419552278704941273e-04 2.089753281325101852e-03
8.680173195898532867e-04 2.031502686440944672e-02 9.788169264793395996e-01
1.876485839602537453e-06 2.084724883388844319e-06 9.999960064888000488e-01
1.110135708586312830e-04 2.939892692666035146e-05 9.998595714569091797e-01
9.889051318168640137e-01 1.721312437439337373e-04 1.092269271612167358e-02
9.999988675117492676e-01 2.506303644622676075e-07 8.647402864880859852e-07
9.999930262565612793e-01 3.090977997999289073e-07 6.535696229548193514e-06
7.826955879863817245e-06 1.242525627276336309e-06 9.999908804893493652e-01
3.911690146196633577e-04 1.172285061329603195e-02 9.878858923912048340e-01
9.999979138374328613e-01 1.553079300720128231e-06 4.589790023601381108e-07
1.160872307082172483e-05 9.999862313270568848e-01 2.099284529322176240e-06
9.975072741508483887e-01 6.160752964206039906e-04 1.876658992841839790e-03
7.573355105705559254e-05 9.830155968666076660e-01 1.690866239368915558e-02
9.999074339866638184e-01 9.166272502625361085e-05 8.053681312958360650e-07
9.999530911445617676e-01 3.034360634046606719e-05 1.649298792472109199e-05
9.999651312828063965e-01 9.635764399718027562e-07 3.387982724234461784e-05
3.303582072257995605e-01 4.784126649610698223e-04 6.691634654998779297e-01
6.063378918952366803e-07 2.398458263996872120e-06 9.999969601631164551e-01
6.406167987734079361e-03 2.706403471529483795e-02 9.665298461914062500e-01
9.693691936263348907e-06 8.672957483213394880e-05 9.999035000801086426e-01
1.256521195173263550e-01 8.743188381195068359e-01 2.899040191550739110e-05
5.230239548836834729e-05 9.958617091178894043e-01 4.085875581949949265e-03
5.748215130552125629e-07 9.999992251396179199e-01 1.005887568794605613e-07
2.905380970332771540e-04 5.364935714169405401e-05 9.996558427810668945e-01
3.872026922181248665e-03 7.763247005641460419e-03 9.883646368980407715e-01
3.690821301916002994e-07 9.999976754188537598e-01 1.902655981211864855e-06
9.035215713083744049e-03 3.708497388288378716e-05 9.909275770187377930e-01
5.519447086044237949e-07 9.999958872795104980e-01 3.486625018922495656e-06
9.999858736991882324e-01 4.421870471560396254e-06 9.697884706838522106e-06
5.194751620292663574e-01 1.111193001270294189e-01 3.694055080413818359e-01
9.532974945614114404e-05 9.997469186782836914e-01 1.577876391820609570e-04
6.029641497207194334e-08 9.999997019767761230e-01 9.676445955619783490e-08
2.075739575957413763e-05 9.999790787696838379e-01 1.268300593437743373e-07
3.892215341329574585e-02 2.633210038766264915e-03 9.584445953369140625e-01
9.999802708625793457e-01 1.952366619661916047e-05 1.091524666207988048e-07
9.999687075614929199e-01 8.541629540559370071e-06 2.269097785756457597e-05
9.992809295654296875e-01 5.620812880806624889e-04 1.570926397107541561e-04
2.257409360026940703e-04 9.694083333015441895e-01 3.036599047482013702e-02
1.159644499421119690e-02 9.882688522338867188e-01 1.346010540146380663e-04
6.051233503967523575e-05 9.999392628669738770e-01 9.179409232729085488e-08
9.999994635581970215e-01 2.367320917073811870e-07 2.267946968004252994e-07
1.459284871816635132e-01 7.507091853767633438e-03 8.465642929077148438e-01
2.923233068941044621e-06 4.780098947776423302e-07 9.999964833259582520e-01
9.158986102875132929e-08 9.999987483024597168e-01 1.051288791131810285e-06
8.997309952974319458e-02 5.081301927566528320e-01 4.018966257572174072e-01
1.469801645725965500e-04 9.998278617858886719e-01 2.516904532967600971e-05
7.877017924329265952e-05 4.495039209723472595e-02 9.549708366394042969e-01
9.999998211860656738e-01 3.767960521372515359e-08 1.623064491695913603e-07
2.092169597744941711e-02 4.705595318228006363e-03 9.743727445602416992e-01
2.341671915928600356e-06 9.999827742576599121e-01 1.475731369282584637e-05
1.254444709047675133e-03 8.487856984138488770e-01 1.499597430229187012e-01
9.996297955513000488e-01 1.902761869132518768e-04 1.798973244149237871e-04
7.113904985089902766e-07 9.999976754188537598e-01 1.571413122292142361e-06
9.999992251396179199e-01 1.136649174782178306e-07 5.868300831934902817e-07
4.265783354640007019e-05 9.999542832374572754e-01 2.977506710521993227e-06
7.092747182468883693e-06 9.999893307685852051e-01 3.560255208867602050e-06
2.285080881847534329e-05 6.656356390521978028e-07 9.999764561653137207e-01
8.173853158950805664e-03 5.533255264163017273e-02 9.364936351776123047e-01
4.199469985906034708e-04 9.994632005691528320e-01 1.167145383078604937e-04
9.975731372833251953e-01 2.357206540182232857e-03 6.955248682061210275e-05
9.999726414680480957e-01 2.391674388491082937e-05 3.333006361572188325e-06
4.156909926678054035e-05 8.313728017128596548e-07 9.999575018882751465e-01
9.664373993873596191e-01 8.024198003113269806e-03 2.553844265639781952e-02
1.385985797242028639e-05 9.999838471412658691e-01 2.321342890354571864e-06
9.999991059303283691e-01 4.190949880467087496e-07 3.027819559520139592e-07
8.415775027970084921e-07 1.177767330773349386e-06 9.999979138374328613e-01
1.875765178738220129e-06 9.999628663063049316e-01 3.513407864375039935e-05
9.983788132667541504e-01 5.526310269488021731e-05 1.565850689075887203e-03
4.241882197675295174e-05 9.999498724937438965e-01 7.606464805576251820e-06
1.145995222032070160e-03 5.010322667658329010e-03 9.938436150550842285e-01
3.136579180136322975e-04 9.996116757392883301e-01 7.470753917004913092e-05
4.141232057008892298e-05 2.246173098683357239e-04 9.997340440750122070e-01
3.583444049581885338e-04 2.516389125958085060e-03 9.971252083778381348e-01
7.386503421002998948e-05 9.274387955665588379e-01 7.248734682798385620e-02
1.304613078900729306e-06 9.999964833259582520e-01 2.113187974828178994e-06
2.510178092052228749e-06 9.999970793724060059e-01 4.112053204607946100e-07
1.620869152247905731e-04 9.998254776000976562e-01 1.241822155861882493e-05
3.965152427554130554e-03 5.141258952789939940e-05 9.959835410118103027e-01
4.137613814236829057e-06 9.999954104423522949e-01 3.459620643297967035e-07
2.317208782187663019e-06 9.999943375587463379e-01 3.347544407006353140e-06
8.308584219776093960e-04 5.727616553485859185e-06 9.991633296012878418e-01
9.796393513679504395e-01 2.940361620858311653e-03 1.742028445005416870e-02
2.169377636164426804e-03 9.970414042472839355e-01 7.892584544606506824e-04
2.356118784518912435e-05 9.999415278434753418e-01 3.478927828837186098e-05
2.050547891485621221e-06 9.998006820678710938e-01 1.972833561012521386e-04
1.736905090865548118e-07 9.999995827674865723e-01 2.197392348080029478e-07
9.999981522560119629e-01 1.755725634211557917e-06 3.120278080359639716e-08
3.702137837535701692e-05 9.999606013298034668e-01 2.252957983728265390e-06
3.374751145202026237e-08 1.147145667346194386e-05 9.999883770942687988e-01
9.990668296813964844e-01 1.578546944074332714e-04 7.752926321700215340e-04
3.517762479532393627e-06 9.999946951866149902e-01 1.660127509239828214e-06
8.696166872978210449e-01 1.195481941103935242e-01 1.083495654165744781e-02
1.514061551688428153e-07 9.999757409095764160e-01 2.408741966064553708e-05
9.972074627876281738e-01 2.764822682365775108e-03 2.765468525467440486e-05
9.999271035194396973e-01 7.135273335734382272e-05 1.380433559461380355e-06
9.996627569198608398e-01 3.129574179183691740e-04 2.435501301079057157e-05
3.104858333244919777e-04 2.488983773218933493e-05 9.996646642684936523e-01
8.004354458535090089e-05 9.987654685974121094e-01 1.154555589891970158e-03
5.649928080941890585e-09 2.622115147232761956e-08 9.999999403953552246e-01
6.246242992347106338e-05 9.999266266822814941e-01 1.079552021110430360e-05
1.814772622310556471e-05 9.999658465385437012e-01 1.602126940269954503e-05
1.889653140096925199e-05 2.070359005301725119e-05 9.999603629112243652e-01
1.800341182388365269e-03 8.854265809059143066e-01 1.127729341387748718e-01
9.449043864151462913e-05 9.943963885307312012e-01 5.509056150913238525e-03
1.371894177282229066e-04 9.977383613586425781e-01 2.124506980180740356e-03
3.111593116500444012e-07 1.321187846770044416e-05 9.999864697456359863e-01
3.952398896217346191e-03 9.960343241691589355e-01 1.327918926108395681e-05
9.999857544898986816e-01 1.241484824276994914e-05 1.808949946280336007e-06
9.073557853698730469e-01 3.603356424719095230e-03 8.904083818197250366e-02
1.792635544006770942e-06 9.999974370002746582e-01 7.179996259765175637e-07
1.239945366978645325e-02 7.055218517780303955e-02 9.170483946800231934e-01
8.259314894676208496e-01 1.078724265098571777e-01 6.619605422019958496e-02
7.975238986546173692e-06 9.999877810478210449e-01 4.176322363491635770e-06
7.362214848399162292e-03 3.830309491604566574e-03 9.888074994087219238e-01
2.864098678401205689e-05 1.944119503605179489e-05 9.999518990516662598e-01
1.384241282939910889e-01 8.538441658020019531e-01 7.731750607490539551e-03
8.262568735517561436e-04 9.990699291229248047e-01 1.037426700349897146e-04
9.999644160270690918e-01 1.870053529273718596e-05 1.681789581198245287e-05
9.999899268150329590e-01 4.587471266859211028e-06 5.485208930622320622e-06
9.999403357505798340e-01 1.476792931498493999e-06 5.820186561322771013e-05
9.999770522117614746e-01 1.814159622881561518e-05 4.771819476445671171e-06
6.083794869482517242e-04 5.935053923167288303e-04 9.987981319427490234e-01
1.145391091704368591e-01 8.848132491111755371e-01 6.476312410086393356e-04
3.441922366619110107e-02 9.122936129570007324e-01 5.328717455267906189e-02
1.569079011678695679e-01 3.034899709746241570e-04 8.427885770797729492e-01
4.322791937738656998e-04 6.717409996781498194e-05 9.995004534721374512e-01
1.429263019048221395e-08 1.466096728108823299e-05 9.999852776527404785e-01
1.928840174514334649e-05 5.512583811650983989e-05 9.999255537986755371e-01
1.544132530689239502e-01 1.086543343262746930e-04 8.454781174659729004e-01
3.321632959796261275e-07 1.191916308016516268e-04 9.998803734779357910e-01
5.920711919316090643e-05 1.730262374621815979e-05 9.999234080314636230e-01
1.160426791102509014e-06 9.999852776527404785e-01 1.346912904409691691e-05
9.979266524314880371e-01 1.463962689740583301e-04 1.926951459608972073e-03
5.717369262129068375e-03 1.145784277468919754e-03 9.931367635726928711e-01
9.999977946281433105e-01 2.222730870471423259e-07 1.904527834994951263e-06
9.901698827743530273e-01 9.115709923207759857e-03 7.143354159779846668e-04
1.157520562410354614e-01 2.470322418957948685e-03 8.817775845527648926e-01
9.996831417083740234e-01 4.488586000661598518e-06 3.123492642771452665e-04
9.998471736907958984e-01 1.181502375402487814e-04 3.465821282588876784e-05
2.007285878062248230e-02 2.577910709078423679e-05 9.799013137817382812e-01
1.869506013463251293e-05 5.495701043400913477e-05 9.999262690544128418e-01
9.996813535690307617e-01 1.947474083863198757e-04 1.239330886164680123e-04
6.728147639023518423e-08 5.179072559258202091e-06 9.999946951866149902e-01
8.357007056474685669e-03 7.970486767590045929e-04 9.908459782600402832e-01
2.996154129505157471e-01 6.426146030426025391e-01 5.776997655630111694e-02
2.727665472775697708e-03 6.253339350223541260e-03 9.910189509391784668e-01
1.187911038869060576e-06 9.999981522560119629e-01 6.450133582802664023e-07
9.999993443489074707e-01 5.339664994608028792e-07 9.465331629598949803e-08
1.327735299128107727e-05 9.999842047691345215e-01 2.544299377404968254e-06
4.418942296524619451e-07 9.999992251396179199e-01 2.610253488910529995e-07
7.509406714234501123e-05 3.740024287253618240e-03 9.961848855018615723e-01
4.838959574699401855e-01 2.187112579122185707e-03 5.139168500900268555e-01
4.034994617541087791e-06 1.126928327721543610e-05 9.999846816062927246e-01
6.817482644692063332e-04 6.221989315235987306e-05 9.992560148239135742e-01
1.873569708550348878e-04 9.972903132438659668e-01 2.522323746234178543e-03
2.287311293184757233e-02 1.564898266224190593e-04 9.769703745841979980e-01
9.999894499778747559e-01 1.036534831655444577e-05 1.323731879665501765e-07
9.997987747192382812e-01 1.929314021253958344e-04 8.250951395893935114e-06
6.116063741501420736e-05 2.142733819709974341e-06 9.999366402626037598e-01
3.429833427071571350e-02 4.105238243937492371e-02 9.246492385864257812e-01
1.631720124350977130e-06 1.066016629920341074e-04 9.998916983604431152e-01
4.960108199156820774e-04 2.842058311216533184e-04 9.992198348045349121e-01
9.556839242577552795e-03 9.855237603187561035e-01 4.919371102005243301e-03
7.272640359587967396e-04 9.977452754974365234e-01 1.527383108623325825e-03
4.895111196674406528e-04 1.688886620104312897e-02 9.826216101646423340e-01
9.901798367500305176e-01 1.947400043718516827e-03 7.872801274061203003e-03
1.139869054895825684e-04 9.998748302459716797e-01 1.122173944168025628e-05
7.117292261682450771e-04 5.823902142765291501e-07 9.992876052856445312e-01
1.506874625079035468e-08 9.999999403953552246e-01 1.337935628953346168e-08
9.998300075531005859e-01 3.333206404931843281e-05 1.366966462228447199e-04
2.019454725086688995e-03 9.979799389839172363e-01 6.184305902934283949e-07
8.132631778717041016e-01 1.864769905805587769e-01 2.598221180960536003e-04
9.998390674591064453e-01 2.810193291225004941e-05 1.329410879407078028e-04
9.611794666852802038e-05 1.212766859680414200e-03 9.986910820007324219e-01
3.596097997160541127e-08 3.733807432126923231e-07 9.999995827674865723e-01
9.999968409538269043e-01 1.252692868547455873e-06 1.838978846535610501e-06
5.690710622729966417e-06 9.999913573265075684e-01 2.914266133302589878e-06
1.631896127946674824e-03 1.517090201377868652e-01 8.466590046882629395e-01
4.753790960876358440e-08 9.999998211860656738e-01 1.071483524128780118e-07
9.999939799308776855e-01 1.545419763715472072e-06 4.392903974803630263e-06
1.168957714980933815e-05 9.999880194664001465e-01 2.750250018834776711e-07
9.999994635581970215e-01 3.719822672110240092e-08 4.444411274562298786e-07
5.765768946730531752e-06 4.840058409172343090e-06 9.999893307685852051e-01
9.506617971055675298e-06 4.875496895095920991e-09 9.999904036521911621e-01
9.999997019767761230e-01 2.379789378892382956e-07 5.635013167193392292e-08
9.999936223030090332e-01 8.711215855328191537e-07 5.531319857254857197e-06
9.999976754188537598e-01 1.980697788894758560e-06 2.753945693712012144e-07
2.933842324637225829e-06 3.222027953597716987e-05 9.999647736549377441e-01
9.766407012939453125e-01 2.212751843035221100e-02 1.231631147675216198e-03
3.553429269231855869e-04 9.996442794799804688e-01 3.167981219576176954e-07
4.444681107997894287e-04 5.806933040730655193e-04 9.989748001098632812e-01
9.745002985000610352e-01 2.479452826082706451e-02 7.051522261463105679e-04
3.516230208333581686e-05 9.999619126319885254e-01 2.892290694944676943e-06
9.998745918273925781e-01 6.461156590376049280e-05 6.082297841203399003e-05
1.142067922046408057e-04 2.472282573580741882e-02 9.751629233360290527e-01
9.421368241310119629e-01 4.896792769432067871e-02 8.895230479538440704e-03
2.221560180259984918e-07 3.255559590797929559e-07 9.999993443489074707e-01
9.965746998786926270e-01 3.801052662311121821e-05 3.387200180441141129e-03
1.490686258875939529e-06 9.999981522560119629e-01 2.503225289274269016e-07
4.488639824558049440e-04 9.991707205772399902e-01 3.804470761679112911e-04
5.099938425701111555e-05 8.084117434918880463e-04 9.991406202316284180e-01
9.999627470970153809e-01 2.951599344669375569e-05 7.579285465908469632e-06
2.441049957724317210e-07 9.999995827674865723e-01 7.010479663449586951e-08
9.999555945396423340e-01 3.721979010151699185e-05 7.123370778572279960e-06
3.582676072255708277e-05 4.106461233277514111e-07 9.999637007713317871e-01
9.987227320671081543e-01 6.317249062703922391e-05 1.214058720506727695e-03
7.348380517214536667e-03 1.489344052970409393e-03 9.911623597145080566e-01
2.080924787151161581e-05 1.136312221206026152e-05 9.999677538871765137e-01
3.522714227437973022e-02 6.689245104789733887e-01 2.958483099937438965e-01
1.939364825375378132e-03 1.320738047361373901e-01 8.659867644309997559e-01
7.491016294807195663e-03 5.627343198284506798e-04 9.919462203979492188e-01
1.046073593897745013e-04 8.990980859380215406e-06 9.998863339424133301e-01
9.999977946281433105e-01 1.050481159836635925e-06 1.107165758185146842e-06
9.999949336051940918e-01 2.299644847880699672e-06 2.769690127024659887e-06
1.269606145797297359e-04 1.959252767846919596e-05 9.998533725738525391e-01
9.850891232490539551e-01 1.004525460302829742e-02 4.865576978772878647e-03
1.258091015188256279e-05 9.999837279319763184e-01 3.589109837776049972e-06
4.159373361289908644e-07 9.999987483024597168e-01 8.710280781087931246e-07
2.102833786921110004e-05 9.873815178871154785e-01 1.259741187095642090e-02
3.837375288640032522e-07 6.970119557081488892e-07 9.999988675117492676e-01
1.477969577535986900e-03 9.985057115554809570e-01 1.614007123862393200e-05
4.108518362045288086e-03 9.176621437072753906e-01 7.822929322719573975e-02
9.999111294746398926e-01 2.342164225410670042e-05 6.539734022226184607e-05
1.836718297454353888e-06 9.999980330467224121e-01 1.149296267044519482e-07
1.292473734793020412e-05 9.999830126762390137e-01 4.089572939847130328e-06
1.730940493871457875e-05 9.999822974205017090e-01 3.074633809774240945e-07
1.090173100237734616e-06 9.999986290931701660e-01 2.798469438403117238e-07
6.581258177757263184e-01 1.200601384043693542e-01 2.218140065670013428e-01
1.758852192779158941e-07 6.855636343061632942e-07 9.999991059303283691e-01
9.992408752441406250e-01 6.535240681841969490e-04 1.056717883329838514e-04
2.876469194889068604e-01 3.403414487838745117e-01 3.720115721225738525e-01
2.518232213333249092e-04 4.574368358589708805e-04 9.992907047271728516e-01
1.421424531145021319e-04 1.111789792776107788e-02 9.887398481369018555e-01
3.010211221408098936e-04 9.995819926261901855e-01 1.170514660771004856e-04
2.439807644805114251e-07 9.999958872795104980e-01 3.853785074170446023e-06
9.903620481491088867e-01 3.840063232928514481e-03 5.797835532575845718e-03
9.999112486839294434e-01 8.447881555184721947e-06 8.017458458198234439e-05
9.999784827232360840e-01 2.829290451700217091e-06 1.853726280387490988e-05
7.836501026758924127e-06 7.079938054084777832e-02 9.291927218437194824e-01
1.508698460384039208e-05 1.272230861104617361e-06 9.999836087226867676e-01
2.075965516269207001e-03 9.779512882232666016e-01 1.997280493378639221e-02
9.999778866767883301e-01 1.504604938418196980e-07 2.194802254962269217e-05
1.293797104153782129e-04 5.677247536368668079e-04 9.993028640747070312e-01
6.676436169072985649e-05 9.976621270179748535e-01 2.271131845191121101e-03
9.998862147331237793e-01 2.753525950538460165e-05 8.614150283392518759e-05
9.999608397483825684e-01 6.730133463861420751e-06 3.241400918341241777e-05
9.998636245727539062e-01 1.198210229631513357e-04 1.664698356762528419e-05
1.882406504591926932e-04 2.403480233624577522e-03 9.974083900451660156e-01
2.217931449413299561e-01 1.301233097910881042e-02 7.651945352554321289e-01
5.626005531667033210e-06 9.997425079345703125e-01 2.519856207072734833e-04
9.993380904197692871e-01 1.209623515023849905e-04 5.410005687735974789e-04
2.603432585601694882e-05 6.030068834661506116e-05 9.999136328697204590e-01
9.203506112098693848e-01 6.839070003479719162e-03 7.281042635440826416e-02
5.782657535746693611e-04 9.994033575057983398e-01 1.818955388444010168e-05
1.105366827687248588e-04 1.111501175910234451e-02 9.887744188308715820e-01
1.094206163543276489e-05 9.999628663063049316e-01 2.614516051835380495e-05
8.528869511792436242e-05 9.999113678932189941e-01 3.161536369589157403e-06
2.843475085683166981e-04 9.872089867712929845e-05 9.996169209480285645e-01
6.433210728573612869e-07 6.533830855914857239e-06 9.999927878379821777e-01
9.999997019767761230e-01 9.209936990828282433e-08 1.570178085330553586e-07
8.284327387809753418e-02 9.000452160835266113e-01 1.711168885231018066e-02
2.592550963163375854e-02 1.038946509361267090e-01 8.701798915863037109e-01
9.917381405830383301e-01 3.228937974199652672e-03 5.032817367464303970e-03
1.882281503640115261e-05 9.995812773704528809e-01 3.998599422629922628e-04
9.998278617858886719e-01 2.225154821644537151e-05 1.499150966992601752e-04
9.999994635581970215e-01 1.114349004183168290e-07 3.248358950713736704e-07
6.256749853491783142e-03 7.509015995310619473e-05 9.936680197715759277e-01
1.004230057333188597e-06 1.385490008942724671e-06 9.999975562095642090e-01
1.625773847990785725e-06 3.795938100665807724e-04 9.996188282966613770e-01
4.482859803829342127e-04 2.841905734385363758e-05 9.995232224464416504e-01
3.135400038445368409e-05 9.999684691429138184e-01 1.536096192467084620e-07
9.998424053192138672e-01 5.781033542007207870e-05 9.991141268983483315e-05
3.758777893381193280e-05 9.999596476554870605e-01 2.706307213884429075e-06
1.628729514777660370e-02 5.843979306519031525e-04 9.831281900405883789e-01
2.429493889212608337e-02 1.090071818907745183e-04 9.755959510803222656e-01
1.112173094952595420e-06 1.086650627257768065e-05 9.999880194664001465e-01
7.096365094184875488e-01 5.941126728430390358e-04 2.897693514823913574e-01
9.897162914276123047e-01 9.934292174875736237e-03 3.495010605547577143e-04
9.952206015586853027e-01 4.275267943739891052e-03 5.041048279963433743e-04
3.917961748811649159e-06 3.010257387359160930e-06 9.999930262565612793e-01
4.884758498519659042e-03 9.476475715637207031e-01 4.746760055422782898e-02
2.265464887022972107e-02 1.587468432262539864e-03 9.757578372955322266e-01
9.999992251396179199e-01 1.588066425028955564e-07 6.463940280809765682e-07
7.798571459716185927e-05 9.993950128555297852e-01 5.268797394819557667e-04
9.999768137931823730e-01 6.777879661967745051e-06 1.636107663216535002e-05
4.098699688911437988e-01 1.890845946036279202e-03 5.882392525672912598e-01
1.395189428876619786e-05 1.441107317805290222e-02 9.855749607086181641e-01
4.808018275070935488e-04 1.458690821891650558e-04 9.993733763694763184e-01
1.285399049520492554e-01 2.712531089782714844e-01 6.002069711685180664e-01
3.323196506244130433e-05 9.999380707740783691e-01 2.864214729925151914e-05
5.532897557714022696e-05 9.999349713325500488e-01 9.642171789892017841e-06
1.404405687935650349e-03 9.985076189041137695e-01 8.785810496192425489e-05
9.990662336349487305e-01 2.342929474252741784e-05 9.102384792640805244e-04
5.626499842037446797e-05 8.950886130332946777e-01 1.048551425337791443e-01
7.565776627416198608e-08 5.627002792607527226e-07 9.999993443489074707e-01
2.455251149058312876e-07 9.999962449073791504e-01 3.468862587396870367e-06
9.999137520790100098e-01 8.481731492793187499e-05 1.330455006609554403e-06
1.721092412481084466e-04 5.179416621103882790e-04 9.993098378181457520e-01
1.677967986779549392e-08 9.999999403953552246e-01 3.624047906214400427e-08
9.999955296516418457e-01 3.337885800647200085e-06 1.088234512280905619e-06
9.999912381172180176e-01 8.108526344585698098e-06 6.134225714049534872e-07
9.998738765716552734e-01 1.115724953706376255e-04 1.468453319830587134e-05
9.832594990730285645e-01 6.742402911186218262e-04 1.606619358062744141e-02
9.999977946281433105e-01 2.155208676413167268e-06 1.569300067671974830e-08
3.444857720751315355e-04 9.996443986892700195e-01 1.103238355426583439e-05
1.079376903362572193e-03 9.989076256752014160e-01 1.297885955864330754e-05
9.999939799308776855e-01 8.014152967916743364e-07 5.176998911338159814e-06
1.533731506242475007e-07 2.566220302924193675e-07 9.999995827674865723e-01
1.745638797956416965e-07 1.673935571488982532e-06 9.999980330467224121e-01
9.984044432640075684e-01 3.369686965015716851e-05 1.561942859552800655e-03
9.995945096015930176e-01 3.063482290599495173e-04 9.916831186274066567e-05
1.217017882026993902e-07 9.999998211860656738e-01 5.303924410782201448e-08
9.999799132347106934e-01 2.822600208673975430e-06 1.722045271890237927e-05
3.914956003427505493e-03 9.960713386535644531e-01 1.358050303679192439e-05
1.737553816383297089e-06 9.999977946281433105e-01 3.142505704545328626e-07
9.999948143959045410e-01 5.253399422144866548e-07 4.635571258404524997e-06
1.898310929536819458e-01 8.725409279577434063e-04 8.092963695526123047e-01
8.721376657485961914e-01 1.046900544315576553e-02 1.173932477831840515e-01
5.226058140397071838e-02 7.050907611846923828e-01 2.426486462354660034e-01
1.600325107574462891e-03 3.824327432084828615e-04 9.980170726776123047e-01
3.620288074016571045e-01 1.886097155511379242e-02 6.191102266311645508e-01
3.016627374563540798e-07 9.999845623970031738e-01 1.504590636614011601e-05
2.126498230836659786e-07 3.042189928237348795e-05 9.999693036079406738e-01
5.273005962371826172e-01 4.372831881046295166e-01 3.541619703173637390e-02
9.117691661231219769e-05 9.999082684516906738e-01 5.348535410121257883e-07
9.999870657920837402e-01 4.736321898235473782e-06 8.115471246128436178e-06
8.674402488395571709e-05 1.136896945536136627e-02 9.885443449020385742e-01
6.157371535664424300e-05 9.998118877410888672e-01 1.264613529201596975e-04
1.027118638157844543e-01 8.467791676521301270e-01 5.050902068614959717e-02
7.046024501323699951e-02 7.517255544662475586e-01 1.778140813112258911e-01
1.695004016255552415e-06 9.999896883964538574e-01 8.610174518253188580e-06
2.057378651443286799e-06 9.999696612358093262e-01 2.825545925588812679e-05
5.820109043270349503e-03 9.939013123512268066e-01 2.785596589092165232e-04
7.936068577691912651e-04 9.989251494407653809e-01 2.813072060234844685e-04
1.914931647479534149e-02 9.804428219795227051e-01 4.079318896401673555e-04
9.997136592864990234e-01 2.575874350441154093e-05 2.606622001621872187e-04
9.974449872970581055e-01 6.122447666712105274e-04 1.942795934155583382e-03
3.391336277127265930e-02 2.668872773647308350e-01 6.991993784904479980e-01
3.529692292213439941e-01 4.199001938104629517e-02 6.050407290458679199e-01
1.607006879567052238e-06 9.999958872795104980e-01 2.532370444896514527e-06
9.999977946281433105e-01 4.835926006308000069e-07 1.693834860816423316e-06
9.999938607215881348e-01 6.102584848122205585e-06 3.999490161277208244e-08
8.022837573662400246e-05 3.152733261231333017e-04 9.996045231819152832e-01
3.392602229723706841e-05 4.778918446390889585e-05 9.999181628227233887e-01
9.999979138374328613e-01 4.732848992716753855e-07 1.515262965767760761e-06
9.129642695188522339e-02 6.469993968494236469e-04 9.080564975738525391e-01
2.985338369398959912e-06 7.981380804267246276e-06 9.999889731407165527e-01
1.067551129381172359e-04 9.658483322709798813e-04 9.989274144172668457e-01
2.632761839777231216e-03 3.086481956415809691e-05 9.973363280296325684e-01
7.118138074874877930e-01 6.821179389953613281e-02 2.199743241071701050e-01
3.663867857994773658e-07 9.999837279319763184e-01 1.587840597494505346e-05
2.612737715244293213e-01 7.363300323486328125e-01 2.396132797002792358e-03
1.012821144286135677e-06 6.418242119252681732e-04 9.993571639060974121e-01
2.975702727781026624e-06 9.999967217445373535e-01 1.895779462302016327e-07
3.882299643009901047e-04 9.996053576469421387e-01 6.481776836153585464e-06
5.404108378570526838e-07 3.678682551253587008e-04 9.996315836906433105e-01
1.378448359901085496e-06 8.199528674595057964e-04 9.991787075996398926e-01
7.288948040695686359e-07 2.184958611906040460e-05 9.999774098396301270e-01
1.641358539927750826e-04 4.690274181484710425e-06 9.998311996459960938e-01
3.429567150305956602e-04 9.996500015258789062e-01 7.046954124234616756e-06
9.993568062782287598e-01 4.741121374536305666e-04 1.690887438599020243e-04
9.998840689659118652e-01 1.546113821859762538e-06 1.142979817814193666e-04
9.999948143959045410e-01 7.790762879267276730e-08 4.983773123967694119e-06
7.241590619087219238e-01 1.594210714101791382e-01 1.164199337363243103e-01
2.789352082643858921e-09 9.999998211860656738e-01 8.500386172727303347e-08
3.214778917026706040e-05 9.057955321623012424e-05 9.998772144317626953e-01
9.999656081199645996e-01 9.996141670853830874e-06 2.436757313262205571e-05
9.999994635581970215e-01 2.190311931826727232e-07 1.924810959508249653e-07
7.823446139809675515e-06 4.896961627309792675e-07 9.999915957450866699e-01
1.615730524063110352e-01 1.802645437419414520e-02 8.204005360603332520e-01
8.434601426124572754e-01 7.690671831369400024e-02 7.963300496339797974e-02
1.537810894660651684e-04 9.998409748077392578e-01 5.223291282163700089e-06
5.353064537048339844e-01 4.521833658218383789e-01 1.251021306961774826e-02
9.928557872772216797e-01 5.804862361401319504e-03 1.339347101747989655e-03
4.864951915806159377e-05 1.910868159029632807e-04 9.997601509094238281e-01
2.639812691995757632e-06 9.999963641166687012e-01 9.964310265786480159e-07
9.999265074729919434e-01 4.999429438612423837e-05 2.344155473110731691e-05
9.998049736022949219e-01 1.899958806461654603e-05 1.760236482368782163e-04
9.999995827674865723e-01 2.612019898151629604e-07 8.968045506208000006e-08
2.409812850601156242e-06 9.998342990875244141e-01 1.632334751775488257e-04
4.799211410499992780e-07 9.999927878379821777e-01 6.720541932736523449e-06
5.002387799322605133e-03 1.431944500654935837e-02 9.806781411170959473e-01
9.970104694366455078e-01 2.260832116007804871e-05 2.966900356113910675e-03
9.999977946281433105e-01 1.554575760565057863e-06 6.034879902472312097e-07
9.999901652336120605e-01 7.694772648392245173e-06 1.992187662835931405e-06
3.632206702604889870e-03 9.757803082466125488e-01 2.058751881122589111e-02
6.472123786807060242e-04 5.984991788864135742e-01 4.008536338806152344e-01
4.713819180324207991e-06 9.999873042106628418e-01 7.835426913516130298e-06
9.976364374160766602e-01 1.397053012624382973e-03 9.665177785791456699e-04
9.999181628227233887e-01 7.817491132300347090e-05 3.558338448783615604e-06
3.702645017256145366e-07 1.105171065773902228e-07 9.999994635581970215e-01
9.999522566795349121e-01 4.261143476469442248e-05 5.089651949674589559e-06
1.080739428289234638e-03 8.968561291694641113e-01 1.020629927515983582e-01
9.998085498809814453e-01 1.569449232192710042e-04 3.441276203375309706e-05
5.935038439929485321e-03 9.940556287765502930e-01 9.352096640213858336e-06
6.886534392833709717e-02 6.619824767112731934e-01 2.691522240638732910e-01
9.978451728820800781e-01 1.860232092440128326e-03 2.946519234683364630e-04
4.918227205052971840e-05 9.999426007270812988e-01 8.089294169622007757e-06
1.340975268249167129e-05 7.408457491919762106e-08 9.999864697456359863e-01
5.947039648890495300e-02 3.492221934720873833e-03 9.370374083518981934e-01
9.999832510948181152e-01 1.556276220071595162e-05 1.080968445421603974e-06
1.131848475779406726e-04 9.998774528503417969e-01 9.459567991143558174e-06
1.094078697860823013e-06 4.125239229324506596e-06 9.999946951866149902e-01
2.338157937629148364e-04 1.855246955528855324e-03 9.979109764099121094e-01
9.999846816062927246e-01 1.511124992248369381e-05 1.160153288992660237e-07
9.997954368591308594e-01 2.488383688614703715e-05 1.797168806660920382e-04
4.145408456679433584e-04 9.995648264884948730e-01 2.057482561212964356e-05
6.621911306865513325e-04 9.990848302841186523e-01 2.529221819713711739e-04
8.631398677825927734e-01 1.322967410087585449e-01 4.563312511891126633e-03
4.449349641799926758e-01 5.876688752323389053e-03 5.491883158683776855e-01
9.999275803565979004e-01 6.713266338920220733e-05 5.268430868454743177e-06
3.431778452522848966e-07 9.999983906745910645e-01 1.180896788355312310e-06
9.999586939811706543e-01 2.655029493325855583e-05 1.460459134250413626e-05
9.999927878379821777e-01 6.322047283902065828e-06 7.886578146099054720e-07
9.999857544898986816e-01 3.755154921236680821e-06 1.035535024129785597e-05
2.474267035722732544e-02 6.539591401815414429e-02 9.098613858222961426e-01
5.276941657066345215e-01 4.715909957885742188e-01 7.146530551835894585e-04
1.241692155599594116e-01 6.266533583402633667e-02 8.131654262542724609e-01
9.999006390571594238e-01 9.951188076229300350e-06 8.937588427215814590e-05
5.302207171916961670e-02 5.453140474855899811e-04 9.464325308799743652e-01
9.999917149543762207e-01 5.947982231191417668e-07 7.657361493329517543e-06
9.998691082000732422e-01 4.407984670251607895e-05 8.691164111951366067e-05
6.143900321831097244e-08 9.999998211860656738e-01 5.097972177736664889e-08
9.994419813156127930e-01 9.903287718771025538e-05 4.590475582517683506e-04
4.606993115885416046e-06 9.999952912330627441e-01 4.800392616743920371e-08
2.772725224494934082e-01 7.113042473793029785e-01 1.142315566539764404e-02
3.802021092269569635e-05 5.071338964626193047e-04 9.994548559188842773e-01
9.999980330467224121e-01 5.279517836243030615e-07 1.380316916765877977e-06
6.802250863984227180e-04 9.991851449012756348e-01 1.345930795650929213e-04
9.544917345046997070e-01 3.792856261134147644e-02 7.579737342894077301e-03
9.999993443489074707e-01 5.038060635342844762e-07 1.510601066456729313e-07
4.680723861838487210e-07 9.999993443489074707e-01 6.782190098419960123e-08
2.876469194889068604e-01 3.403414487838745117e-01 3.720115721225738525e-01
4.270427962183021009e-05 6.077161990106105804e-03 9.938801527023315430e-01
9.916289448738098145e-01 8.325086906552314758e-03 4.600538522936403751e-05
1.129191368818283081e-04 6.019860734340909403e-07 9.998864531517028809e-01
6.942921118024969473e-06 9.999929070472717285e-01 1.273183869443528238e-07
3.721983230207115412e-04 9.996244311332702637e-01 3.473371407380909659e-06
1.315263507422059774e-04 9.995754361152648926e-01 2.930226037278771400e-04
1.981710665859282017e-04 4.775096178054809570e-01 5.222922563552856445e-01
9.997364282608032227e-01 2.538081316743046045e-04 9.722670256451237947e-06
5.314294321578927338e-05 9.997494220733642578e-01 1.974953629542142153e-04
2.506210330466274172e-05 9.999529719352722168e-01 2.197191679442767054e-05
8.371021067432593554e-07 9.999987483024597168e-01 3.138246995604276890e-07
9.966595768928527832e-01 1.207242239615879953e-04 3.219608915969729424e-03
9.978986978530883789e-01 1.146390568464994431e-03 9.549346868880093098e-04
2.005562055273912847e-05 9.999572634696960449e-01 2.264609793201088905e-05
2.233338591395295225e-06 1.222244318341836333e-04 9.998755455017089844e-01
1.043778524945082609e-06 9.999979138374328613e-01 9.721256901684682816e-07
9.148476237896829844e-05 9.999029040336608887e-01 5.436011633719317615e-06
9.947252869606018066e-01 4.338992293924093246e-04 4.840851295739412308e-03
8.669020462548360229e-05 9.998633861541748047e-01 5.005998173146508634e-05
1.807263458886154694e-07 2.225827483925968409e-05 9.999775290489196777e-01
4.000807894044555724e-05 9.999346137046813965e-01 2.525935997255146503e-05
4.199469003651756793e-06 9.999882578849792480e-01 7.519942755607189611e-06
2.943967119790613651e-04 9.979768991470336914e-01 1.728718401864171028e-03
1.525905681774020195e-03 4.073971940670162439e-04 9.980666637420654297e-01
1.988766416616272181e-05 9.999637007713317871e-01 1.630281440156977624e-05
1.189607274909576518e-07 3.044555705855600536e-05 9.999694228172302246e-01
2.884876266762148589e-06 9.999347329139709473e-01 6.237382331164553761e-05
2.238967572338879108e-04 2.537942957133054733e-03 9.972380995750427246e-01
2.668491564691066742e-03 2.194361741203465499e-06 9.973294138908386230e-01
1.210942119359970093e-01 8.067344874143600464e-02 7.982323765754699707e-01
1.684497146925423294e-05 9.999679923057556152e-01 1.511445680080214515e-05
9.999982714653015137e-01 3.189228721112158382e-07 1.294931962547707371e-06
2.008065057452768087e-04 2.573449164628982544e-04 9.995418190956115723e-01
2.789352082643858921e-09 9.999998211860656738e-01 8.500386172727303347e-08
1.125088928688455781e-07 9.999991059303283691e-01 6.913861625434947200e-07
9.937295317649841309e-01 3.794356234720908105e-05 6.232466548681259155e-03
1.187625923193991184e-03 1.357876136898994446e-02 9.852336049079895020e-01
2.502608367649372667e-05 9.999747872352600098e-01 1.200164660986047238e-07
1.090571135282516479e-01 8.670850396156311035e-01 2.385790087282657623e-02
9.580918550491333008e-01 2.598226128611713648e-04 4.164833202958106995e-02
3.263589405833045021e-06 9.999883770942687988e-01 8.378797247132752091e-06
9.999549984931945801e-01 2.083196704916190356e-06 4.291243385523557663e-05
4.094294126844033599e-06 9.999932646751403809e-01 2.603814891699585132e-06
1.146818138659000397e-02 2.149286679923534393e-03 9.863824248313903809e-01
6.351538896560668945e-01 1.078048298950307071e-04 3.647383451461791992e-01
3.440398543830269773e-08 4.063981577928643674e-07 9.999994635581970215e-01
9.472418427467346191e-01 5.244094133377075195e-02 3.172467695549130440e-04
9.999997019767761230e-01 1.818865911218381370e-07 5.746767683945108729e-08
1.584939745953306556e-04 9.997768402099609375e-01 6.464247417170554399e-05
1.868826802819967270e-05 9.999757409095764160e-01 5.453637186292326078e-06
3.069059857807587832e-06 9.999954104423522949e-01 1.373088366563024465e-06
