----------PROBABILITY----------
6.393273943103849888e-04 9.993460774421691895e-01 1.458844872104236856e-05
9.998137950897216797e-01 1.333908294327557087e-04 5.293194772093556821e-05
9.998624324798583984e-01 1.196870289277285337e-04 1.790059286577161402e-05
3.990646917372941971e-03 9.932004213333129883e-01 2.808874007314443588e-03
9.999400973320007324e-01 2.394666262262035161e-05 3.584443766158074141e-05
2.781748480629175901e-04 8.518918912159278989e-05 9.996366500854492188e-01
4.238944384269416332e-04 5.580645054578781128e-03 9.939955472946166992e-01
2.288955263793468475e-03 1.039775597746483982e-04 9.976069331169128418e-01
9.998199939727783203e-01 1.524881954537704587e-04 2.747622602328192443e-05
8.569321595132350922e-03 6.242476403713226318e-02 9.290058016777038574e-01
6.032144301570951939e-04 2.358444762649014592e-04 9.991609454154968262e-01
9.980261325836181641e-01 1.609734958037734032e-03 3.641532966867089272e-04
1.985767448786646128e-04 9.997091293334960938e-01 9.238666825694963336e-05
9.986107945442199707e-01 1.353111234493553638e-03 3.596929309424012899e-05
1.273083034902811050e-05 2.209531885455362499e-05 9.999651312828063965e-01
7.720577716827392578e-02 3.045833110809326172e-02 8.923359513282775879e-01
3.365705311298370361e-01 1.082973612938076258e-04 6.633211970329284668e-01
6.071281386539340019e-04 1.631005579838529229e-04 9.992297887802124023e-01
9.812000393867492676e-01 3.413684898987412453e-03 1.538617815822362900e-02
4.719006419181823730e-01 1.279978901147842407e-01 4.001014232635498047e-01
2.364328131079673767e-03 9.975233674049377441e-01 1.122778339777141809e-04
9.644520282745361328e-01 2.552111819386482239e-02 1.002678647637367249e-02
9.261243045330047607e-03 9.903628826141357422e-01 3.757776285056024790e-04
1.103957310988334939e-05 1.062064431607723236e-02 9.893682599067687988e-01
2.966169714927673340e-01 7.031069993972778320e-01 2.760827774181962013e-04
9.988330006599426270e-01 4.472777945920825005e-04 7.197809754870831966e-04
5.825649168400559574e-06 1.254515518667176366e-05 9.999815821647644043e-01
5.065752565860748291e-02 1.225515641272068024e-02 9.370872974395751953e-01
9.962617754936218262e-01 2.704536309465765953e-03 1.033662119880318642e-03
2.533041834831237793e-01 1.667830049991607666e-01 5.799127817153930664e-01
9.655825495719909668e-01 1.151640713214874268e-02 2.290100790560245514e-02
9.663504897616803646e-05 9.994753003120422363e-01 4.279525892343372107e-04
1.619496615603566170e-04 9.513406157493591309e-01 4.849750176072120667e-02
1.022495052893646061e-05 5.868773314432473853e-06 9.999838471412658691e-01
4.554878396447747946e-04 9.995030760765075684e-01 4.131230889470316470e-05
9.498805156908929348e-04 3.507959772832691669e-04 9.986993074417114258e-01
4.026421345770359039e-03 9.958918690681457520e-01 8.179725409718230367e-05
1.110371872782707214e-01 8.837068080902099609e-01 5.256066098809242249e-03
4.171739332377910614e-03 9.935116767883300781e-01 2.316535683348774910e-03
1.491065922891721129e-04 4.838195745833218098e-04 9.993670582771301270e-01
2.494907960226555588e-07 9.999993443489074707e-01 3.878303118654002901e-07
2.604703605175018311e-01 6.725199818611145020e-01 6.700961291790008545e-02
9.999936223030090332e-01 3.965274117945227772e-06 2.398662900304771028e-06
1.752240359783172607e-01 3.441667649894952774e-04 8.244318366050720215e-01
5.157598759979009628e-03 9.934973716735839844e-01 1.345001277513802052e-03
1.380546746077015996e-04 4.646780507755465806e-05 9.998154640197753906e-01
9.943770766258239746e-01 1.091558588086627424e-04 5.513671785593032837e-03
9.998579025268554688e-01 1.287098857574164867e-04 1.351795799564570189e-05
1.225507934577763081e-03 5.752457072958350182e-04 9.981992840766906738e-01
1.519656553864479065e-02 3.143839538097381592e-02 9.533650279045104980e-01
1.965896080946549773e-05 5.332885848474688828e-06 9.999749064445495605e-01
1.315162808168679476e-04 1.294641606364166364e-05 9.998555183410644531e-01
1.032652289723046124e-04 1.166029414889635518e-05 9.998850226402282715e-01
9.984271526336669922e-01 1.483178348280489445e-03 8.968040492618456483e-05
9.999905228614807129e-01 3.571052502593374811e-06 5.805989530927035958e-06
1.037566471495665610e-04 4.164977872278541327e-05 9.998545646667480469e-01
5.862517282366752625e-02 9.787884540855884552e-03 9.315869808197021484e-01
9.999470114707946777e-01 2.190437589888460934e-05 3.096261571045033634e-05
1.065116975951241329e-05 9.999882578849792480e-01 1.101625684896134771e-06
9.992259144783020020e-01 6.739078089594841003e-04 1.002193821477703750e-04
2.624141611158847809e-02 2.939075529575347900e-01 6.798509955406188965e-01
9.898927807807922363e-01 8.317607454955577850e-03 1.789571484550833702e-03
6.193747520446777344e-01 1.274600654141977429e-04 3.804979026317596436e-01
9.999267458915710449e-01 9.915733244270086288e-06 6.328225572360679507e-05
8.132135272026062012e-01 6.069448310881853104e-03 1.807170659303665161e-01
3.030839252460282296e-05 1.343904295936226845e-04 9.998352527618408203e-01
6.487989425659179688e-02 2.004672214388847351e-02 9.150733947753906250e-01
1.289460305997636169e-05 1.131215685745701194e-05 9.999757409095764160e-01
9.755443334579467773e-01 2.090191841125488281e-02 3.553555579856038094e-03
1.855881009760196321e-06 9.998866915702819824e-01 1.113534599426202476e-04
7.719818949699401855e-01 2.250430732965469360e-01 2.974938601255416870e-03
1.743178581818938255e-04 2.358082929276861250e-05 9.998021125793457031e-01
2.002999390242621303e-04 1.818313103285618126e-05 9.997816085815429688e-01
2.612084972497541457e-05 9.999681115150451660e-01 5.757371582149062306e-06
2.900104038417339325e-03 3.284940496087074280e-03 9.938149452209472656e-01
3.749834286281839013e-05 9.995574355125427246e-01 4.049921990372240543e-04
9.997565746307373047e-01 1.420009793946519494e-04 1.015506204566918314e-04
8.670536875724792480e-01 9.691088343970477581e-04 1.319770812988281250e-01
1.789581403136253357e-02 8.398934006690979004e-01 1.422107964754104614e-01
3.223427142984292004e-07 9.999974370002746582e-01 2.153679361072136089e-06
5.746218221247545443e-07 9.999969601631164551e-01 2.433980171190341935e-06
1.633286103606224060e-02 2.467160671949386597e-01 7.369510531425476074e-01
9.996674060821533203e-01 2.628254878800362349e-04 6.982803461141884327e-05
9.999279379844665527e-01 1.201467784994747490e-05 6.001377914799377322e-05
9.385051727294921875e-01 5.911297351121902466e-02 2.381943166255950928e-03
2.361595834372565150e-04 9.122177213430404663e-02 9.085421562194824219e-01
4.169411361217498779e-01 5.539618730545043945e-01 2.909691259264945984e-02
4.701120313256978989e-03 9.945573806762695312e-01 7.414823630824685097e-04
9.997048377990722656e-01 7.076701149344444275e-05 2.244266070192679763e-04
6.827732920646667480e-02 1.472519477829337120e-03 9.302501678466796875e-01
1.229939865879714489e-03 1.773464493453502655e-03 9.969965815544128418e-01
3.794270381331443787e-02 6.451058983802795410e-01 3.169514238834381104e-01
9.586582891643047333e-03 4.540486261248588562e-02 9.450084567070007324e-01
9.191242605447769165e-02 8.227228522300720215e-01 8.536478132009506226e-02
7.438655011355876923e-04 1.047259289771318436e-02 9.887834787368774414e-01
9.999706149101257324e-01 1.898478512885048985e-05 1.037648780766176060e-05
4.060494247823953629e-03 2.659396850503981113e-04 9.956735372543334961e-01
1.068964411388151348e-05 9.998478889465332031e-01 1.414623111486434937e-04
3.764375345781445503e-03 8.595935106277465820e-01 1.366421431303024292e-01
9.944946765899658203e-01 3.186338115483522415e-03 2.319044433534145355e-03
6.337018021440599114e-06 9.999127984046936035e-01 8.085563604254275560e-05
9.999801516532897949e-01 1.565136153658386320e-05 4.154965154157252982e-06
2.841777633875608444e-03 9.962273240089416504e-01 9.308402077294886112e-04
4.950910806655883789e-06 9.999938607215881348e-01 1.118052068704855628e-06
1.080669608199968934e-04 4.244956362526863813e-04 9.994674921035766602e-01
1.280875876545906067e-02 2.751946263015270233e-02 9.596716761589050293e-01
1.646696217358112335e-02 9.148591756820678711e-01 6.867394596338272095e-02
9.875716567039489746e-01 2.686668420210480690e-03 9.741726331412792206e-03
3.149844408035278320e-01 1.993385106325149536e-01 4.856770038604736328e-01
2.775433858914766461e-05 9.970287464966531843e-06 9.999622702598571777e-01
9.700416922569274902e-01 2.651582844555377960e-02 3.442595712840557098e-03
2.116578798450063914e-05 9.957062005996704102e-01 4.272622987627983093e-03
9.998816847801208496e-01 2.046906956820748746e-05 9.770436008693650365e-05
5.035382229834794998e-03 1.508527202531695366e-03 9.934560656547546387e-01
2.910742864514759276e-07 9.999981522560119629e-01 1.507474166828615125e-06
9.846999645233154297e-01 1.478414796292781830e-02 5.158737185411155224e-04
4.239175915718078613e-01 5.529894828796386719e-01 2.309296838939189911e-02
1.242388784885406494e-02 7.464582473039627075e-02 9.129303693771362305e-01
9.323668479919433594e-01 6.572645902633666992e-02 1.906671910546720028e-03
1.675706735113635659e-04 1.585622876882553101e-02 9.839761853218078613e-01
2.790346508845686913e-03 1.070806640200316906e-03 9.961388111114501953e-01
2.304544895887374878e-01 7.299839258193969727e-01 3.956152498722076416e-02
1.165368121291976422e-05 9.999747872352600098e-01 1.350368893326958641e-05
5.410160156316123903e-06 9.999825358390808105e-01 1.204969066748162732e-05
7.772934157401323318e-03 9.814784526824951172e-01 1.074854284524917603e-02
1.847849227488040924e-03 1.030959610943682492e-04 9.980489611625671387e-01
7.787725771777331829e-04 9.991264343261718750e-01 9.472311649005860090e-05
5.972557514905929565e-02 7.281440496444702148e-02 8.674600124359130859e-01
8.368873037397861481e-03 1.495693065226078033e-02 9.766742587089538574e-01
9.416880607604980469e-01 2.244127728044986725e-02 3.587070479989051819e-02
4.220079258084297180e-02 9.157010912895202637e-01 4.209803044795989990e-02
5.399202109401812777e-06 9.999873042106628418e-01 7.253892363223712891e-06
2.551869511080440134e-05 9.993765950202941895e-01 5.979686975479125977e-04
5.203638920647790655e-06 9.999766945838928223e-01 1.803102713893167675e-05
9.999722838401794434e-01 1.319187413173494861e-05 1.438232720829546452e-05
1.158697716891765594e-02 9.883208274841308594e-01 9.227338159689679742e-05
8.816366062092129141e-06 6.490639862022362649e-06 9.999846816062927246e-01
7.554485797882080078e-01 5.762738734483718872e-02 1.869239509105682373e-01
7.022457566563389264e-07 9.999991059303283691e-01 6.012537312471977202e-08
7.853755950927734375e-01 1.049355268478393555e-01 1.096887886524200439e-01
4.700831137597560883e-03 9.515122175216674805e-01 4.378699138760566711e-02
9.346596598625183105e-01 4.112790897488594055e-02 2.421232126653194427e-02
9.997906684875488281e-01 1.745472545735538006e-04 3.482568718027323484e-05
9.998828768730163574e-01 6.402075086953118443e-05 5.301138298818841577e-05
7.370770617853850126e-05 5.838604920427314937e-05 9.998679161071777344e-01
4.186037927865982056e-02 1.381563488394021988e-03 9.567580223083496094e-01
2.351683542656246573e-05 2.989252607221715152e-05 9.999465346336364746e-01
9.391083121299743652e-01 5.920747295022010803e-02 1.684208633378148079e-03
1.044865325093269348e-02 9.612591266632080078e-01 2.829215116798877716e-02
2.273263931274414062e-01 5.850075930356979370e-02 7.141729593276977539e-01
1.758048683404922485e-02 8.819931745529174805e-01 1.004262492060661316e-01
4.045161418616771698e-03 9.937075972557067871e-01 2.247202675789594650e-03
4.758388968184590340e-04 9.954830408096313477e-01 4.041102714836597443e-03
5.561284524446818978e-06 2.488114205334568396e-06 9.999918341636657715e-01
2.741573844105005264e-04 9.997231960296630859e-01 2.783074705803301185e-06
9.867689013481140137e-01 5.215699784457683563e-03 8.015452884137630463e-03
7.659573554992675781e-01 6.469788961112499237e-03 2.275729477405548096e-01
3.555599687388166785e-05 9.999553561210632324e-01 9.042380042956210673e-06
5.470933392643928528e-04 5.186790367588400841e-04 9.989342093467712402e-01
2.239433582872152328e-03 6.693908479064702988e-03 9.910666346549987793e-01
2.043514541583135724e-05 9.999606013298034668e-01 1.898350819828920066e-05
2.017767913639545441e-02 6.790996994823217392e-03 9.730312824249267578e-01
1.027985382825136185e-02 4.385568667203187943e-03 9.853345155715942383e-01
2.823900897055864334e-03 9.968131184577941895e-01 3.630424034781754017e-04
6.780716648790985346e-05 9.994345903396606445e-01 4.975656629540026188e-04
9.979649782180786133e-01 4.356300632935017347e-04 1.599291106685996056e-03
9.999505877494812012e-01 1.818615419324487448e-05 3.113232742180116475e-05
9.274415969848632812e-01 4.093584138900041580e-03 6.846483051776885986e-02
9.995061755180358887e-01 4.481614159885793924e-04 4.565876224660314620e-05
4.862311470787972212e-05 1.497441007813904434e-05 9.999362826347351074e-01
1.062255501747131348e-01 8.929312229156494141e-01 8.432027534581720829e-04
1.122297439724206924e-02 9.583873152732849121e-01 3.038951754570007324e-02
1.533885151147842407e-01 6.942975800484418869e-03 8.396684527397155762e-01
1.023468212224543095e-03 5.117763765156269073e-03 9.938586950302124023e-01
2.146334736607968807e-05 5.203667751629836857e-05 9.999263882637023926e-01
3.652450686786323786e-04 8.750429376959800720e-03 9.908843636512756348e-01
2.021364122629165649e-01 9.352469444274902344e-02 7.043389081954956055e-01
2.939029764092992991e-05 6.217660848051309586e-05 9.999083876609802246e-01
1.983745954930782318e-03 1.344270654954016209e-03 9.966719150543212891e-01
4.169450221525039524e-06 9.999908804893493652e-01 4.885709131485782564e-06
4.837905168533325195e-01 1.051907020155340433e-04 5.161042213439941406e-01
1.913655176758766174e-02 3.739568055607378483e-04 9.804894924163818359e-01
9.963892102241516113e-01 2.134304726496338844e-03 1.476422767154872417e-03
2.667020540684461594e-03 5.572042427957057953e-04 9.967758059501647949e-01
4.841100424528121948e-03 2.244530990719795227e-02 9.727135300636291504e-01
5.125248432159423828e-01 4.764851331710815430e-01 1.099000591784715652e-02
9.998812079429626465e-01 5.068828249932266772e-05 6.810719787608832121e-05
9.020370841026306152e-01 8.012430771486833692e-05 9.788279980421066284e-02
1.151501573622226715e-02 1.241005118936300278e-02 9.760749936103820801e-01
9.962443113327026367e-01 2.086813095957040787e-03 1.668917131610214710e-03
1.068761497735977173e-01 6.640212237834930420e-02 8.267216682434082031e-01
1.105042902054265141e-04 3.711783574544824660e-05 9.998524188995361328e-01
1.024375483393669128e-01 4.618442952632904053e-01 4.357180595397949219e-01
4.688281114795245230e-05 6.006945841363631189e-05 9.998930096626281738e-01
1.396984498569509014e-05 9.999840855598449707e-01 1.917371719173388556e-06
9.999805092811584473e-01 1.606192381586879492e-05 3.370144668224384077e-06
2.184860495617613196e-04 9.995811581611633301e-01 2.002674154937267303e-04
1.432002136425580829e-06 9.999971985816955566e-01 1.285392613681324292e-06
2.991811925312504172e-05 9.390674676978960633e-05 9.998762607574462891e-01
9.862416982650756836e-01 7.181796710938215256e-03 6.576512008905410767e-03
8.721268386580049992e-05 5.732970384997315705e-05 9.998555183410644531e-01
1.232875627465546131e-03 7.764841429889202118e-04 9.979905486106872559e-01
1.743140863254666328e-03 5.535895470529794693e-03 9.927207827568054199e-01
1.472834590822458267e-02 1.175489835441112518e-02 9.735167622566223145e-01
9.847280383110046387e-01 1.439017802476882935e-02 8.817494963295757771e-04
9.998893141746520996e-01 5.478434104588814080e-05 5.577362389885820448e-05
9.565458749420940876e-04 1.147899893112480640e-03 9.978955388069152832e-01
6.983434315770864487e-03 2.196724899113178253e-02 9.710492491722106934e-01
2.386979031143710017e-05 1.069961035682354122e-05 9.999653697013854980e-01
2.422244288027286530e-03 3.960215020924806595e-03 9.936174750328063965e-01
2.884739615183207206e-06 9.999913573265075684e-01 5.733292709919624031e-06
2.821141853928565979e-03 4.268453717231750488e-01 5.703335404396057129e-01
9.383528493344783783e-03 1.760395243763923645e-03 9.888559579849243164e-01
8.438263535499572754e-01 6.349973380565643311e-02 9.267389774322509766e-02
1.698824912309646606e-01 8.262679576873779297e-01 3.849535714834928513e-03
6.416941760107874870e-04 1.321499148616567254e-04 9.992261528968811035e-01
8.971139209279499482e-07 9.999950528144836426e-01 3.916205969289876521e-06
9.985324740409851074e-01 1.121560228057205677e-03 3.458960854914039373e-04
1.945146173238754272e-02 9.797569513320922852e-01 7.916158065199851990e-04
1.762028597295284271e-02 9.805917739868164062e-01 1.788002206012606621e-03
9.994333982467651367e-01 5.406215204857289791e-04 2.586715709185227752e-05
1.481411396525800228e-03 3.100504353642463684e-02 9.675136208534240723e-01
2.919671896961517632e-05 2.346310975553933531e-05 9.999472498893737793e-01
9.995928406715393066e-01 3.582199569791555405e-04 4.900357089354656637e-05
2.987479820149019361e-05 9.999664425849914551e-01 3.582782710509491153e-06
2.086553955450654030e-03 6.637603510171175003e-03 9.912757873535156250e-01
1.664456448224882479e-07 9.999997019767761230e-01 1.663989905864582397e-07
9.957386255264282227e-01 1.851360080763697624e-03 2.409935463219881058e-03
2.684863102331291884e-05 9.994426965713500977e-01 5.305365775711834431e-04
9.994653463363647461e-01 3.748036106117069721e-04 1.597444061189889908e-04
1.131745466409483925e-05 3.318775270599871874e-06 9.999852776527404785e-01
8.029706077650189400e-05 1.728194365568924695e-05 9.999023079872131348e-01
9.999061226844787598e-01 9.088216756936162710e-05 2.985925220855278894e-06
9.997804164886474609e-01 1.219460682477802038e-04 9.771011536940932274e-05
9.998435974121093750e-01 7.113406172720715404e-05 8.539734699297696352e-05
5.982948932796716690e-04 5.702548660337924957e-04 9.988314509391784668e-01
9.426996707916259766e-01 6.239078473299741745e-03 5.106138065457344055e-02
5.479579791426658630e-03 9.941009879112243652e-01 4.193809581920504570e-04
5.924500146647915244e-05 3.570541230146773160e-05 9.999049305915832520e-01
1.398425898514688015e-03 7.675398886203765869e-02 9.218475222587585449e-01
1.053036889061331749e-03 9.976045489311218262e-01 1.342289848253130913e-03
9.992916584014892578e-01 3.928450169041752815e-04 3.155740560032427311e-04
1.242140388058032840e-05 1.070849157258635387e-05 9.999768137931823730e-01
8.794429898262023926e-01 9.964776784181594849e-02 2.090915478765964508e-02
7.214454399218084291e-06 3.991007361037191004e-06 9.999887347221374512e-01
5.579868555068969727e-01 3.415714949369430542e-02 4.078560769557952881e-01
2.782620504149235785e-05 9.999676346778869629e-01 4.492330845096148551e-06
7.482456509023904800e-03 9.904626607894897461e-01 2.054793993011116982e-03
1.423255773261189461e-03 4.986342042684555054e-03 9.935903549194335938e-01
9.990481734275817871e-01 6.398628465831279755e-05 8.878492517396807671e-04
4.466925815904687624e-07 9.999980330467224121e-01 1.401490976604691241e-06
9.999130368232727051e-01 3.541553815011866391e-05 5.153540041646920145e-05
1.727244583889842033e-03 1.109216464101336896e-05 9.982616305351257324e-01
9.998469352722167969e-01 6.789695180486887693e-05 8.511622581863775849e-05
3.808144107460975647e-02 1.489244401454925537e-03 9.604292511940002441e-01
3.242054488509893417e-03 1.074614077806472778e-01 8.892964720726013184e-01
1.025575213134288788e-03 4.425174847710877657e-04 9.985318779945373535e-01
9.962440468370914459e-03 7.752501219511032104e-02 9.125125408172607422e-01
2.855115197598934174e-02 9.100195020437240601e-03 9.623485803604125977e-01
7.820949540473520756e-04 1.209137123078107834e-02 9.871264696121215820e-01
9.999802708625793457e-01 1.101063935493584722e-05 8.678260201122611761e-06
9.993690848350524902e-01 4.563212860375642776e-04 1.746019843267276883e-04
8.957041427493095398e-04 7.298910641111433506e-04 9.983743429183959961e-01
9.819408059120178223e-01 1.941119902767241001e-03 1.611800864338874817e-02
5.994726670905947685e-04 9.991897940635681152e-01 2.107319305650889874e-04
1.013829546536726411e-06 9.999877810478210449e-01 1.109435015678172931e-05
1.381730385219270829e-06 9.999973177909851074e-01 1.193445655189862009e-06
1.160441661340883002e-05 6.007296178722754121e-06 9.999822974205017090e-01
1.960483787115663290e-04 9.997428655624389648e-01 6.111165566835552454e-05
2.475779736414551735e-03 2.294963225722312927e-02 9.745746850967407227e-01
9.969133734703063965e-01 2.269985852763056755e-03 8.165279868990182877e-04
3.040351718664169312e-02 7.455242872238159180e-01 2.240721732378005981e-01
1.940181209647562355e-05 9.995816349983215332e-01 3.988991084042936563e-04
2.137297124136239290e-04 9.980075359344482422e-01 1.778741134330630302e-03
8.216106834879610687e-07 9.999923110008239746e-01 6.771505013603018597e-06
3.258201479911804199e-02 6.037528514862060547e-01 3.636651039123535156e-01
6.207318510860204697e-04 1.018610433675348759e-03 9.983607530593872070e-01
9.818662405014038086e-01 1.741915382444858551e-02 7.146240095607936382e-04
2.156170308589935303e-01 4.847691357135772705e-01 2.996137738227844238e-01
3.952849656343460083e-04 1.822911901399493217e-03 9.977818131446838379e-01
4.641426727175712585e-03 1.520334184169769287e-02 9.801553487777709961e-01
7.340096868574619293e-03 9.529854655265808105e-01 3.967424854636192322e-02
2.194296248489990830e-04 9.997706413269042969e-01 9.931882232194766402e-06
9.992918968200683594e-01 3.835096431430429220e-04 3.246368723921477795e-04
9.982408881187438965e-01 6.829763606219785288e-06 1.752242096699774265e-03
9.967270493507385254e-01 4.099369398318231106e-04 2.862951485440135002e-03
2.465735189616680145e-03 2.560937218368053436e-02 9.719249010086059570e-01
3.475648918538354337e-05 1.826630759751424193e-04 9.997825622558593750e-01
2.702835481613874435e-04 9.388477206230163574e-01 6.088197603821754456e-02
9.995806813240051270e-01 3.629388229455798864e-04 5.632897591567598283e-05
2.331270836293697357e-03 5.865824222564697266e-02 9.390104413032531738e-01
4.228882062307093292e-06 9.999945759773254395e-01 1.162974740509525873e-06
9.998816847801208496e-01 5.435126513475552201e-05 6.386170571204274893e-05
9.517037868499755859e-01 3.715652599930763245e-02 1.113966200500726700e-02
9.998669624328613281e-01 2.289548683620523661e-05 1.102755486499518156e-04
7.195817033789353445e-06 7.216757239802973345e-06 9.999855160713195801e-01
2.378479694016277790e-04 9.966238141059875488e-01 3.138259751722216606e-03
3.524962949086329900e-06 9.999681115150451660e-01 2.827487696777097881e-05
9.999501109123229980e-01 8.402907042182050645e-06 4.143521437072195113e-05
2.209564554505050182e-04 3.592923749238252640e-04 9.994198083877563477e-01
7.243171421578153968e-05 2.298126346431672573e-04 9.996978044509887695e-01
5.521429777145385742e-01 1.201843544840812683e-01 3.276726305484771729e-01
3.059634473174810410e-04 5.357293412089347839e-03 9.943367838859558105e-01
6.798838148824870586e-05 9.996305108070373535e-01 3.014701069332659245e-04
4.366868233773857355e-04 9.995570778846740723e-01 6.201784344739280641e-06
9.952213149517774582e-04 1.707548362901434302e-04 9.988340735435485840e-01
7.826692308299243450e-05 9.381301933899521828e-04 9.989836215972900391e-01
9.999946951866149902e-01 4.100641945115057752e-06 1.227525331159995403e-06
1.737737184157595038e-04 9.997618198394775391e-01 6.432701047742739320e-05
3.828435540199279785e-01 2.426796406507492065e-01 3.744767010211944580e-01
5.827631428837776184e-02 8.809028565883636475e-02 8.536334633827209473e-01
4.613486235029995441e-04 9.992400407791137695e-01 2.986296312883496284e-04
9.974307417869567871e-01 2.166904276236891747e-03 4.023099027108401060e-04
9.999887347221374512e-01 8.258423804363701493e-06 3.018932375198346563e-06
2.248531440272927284e-03 8.804813260212540627e-04 9.968711137771606445e-01
1.551891000417526811e-05 1.923478521348442882e-06 9.999825358390808105e-01
3.465682500973343849e-03 6.399536877870559692e-02 9.325388669967651367e-01
3.908439830411225557e-04 2.548870688769966364e-04 9.993543028831481934e-01
8.147883818310219795e-06 9.999914765357971191e-01 3.607154894780251198e-07
9.623738527297973633e-01 3.051825333386659622e-03 3.457436710596084595e-02
1.747304806485772133e-03 9.981654882431030273e-01 8.718582830624654889e-05
1.201756019145250320e-02 1.739728963002562523e-03 9.862427711486816406e-01
1.124657988548278809e-01 8.756471276283264160e-01 1.188697945326566696e-02
5.934478758717887104e-05 7.519539940403774381e-05 9.998655319213867188e-01
9.633966684341430664e-01 3.486068174242973328e-02 1.742709893733263016e-03
9.938619136810302734e-01 4.195298533886671066e-03 1.942809787578880787e-03
9.994388818740844727e-01 5.096291424706578255e-04 5.161447552382014692e-05
2.209902554750442505e-02 4.810443520545959473e-02 9.297965764999389648e-01
2.786533441394567490e-04 9.882280826568603516e-01 1.149331126362085342e-02
1.128045376390218735e-03 1.197673007845878601e-02 9.868951439857482910e-01
9.999356865882873535e-01 5.444976704893633723e-05 9.806077287066727877e-06
2.127615443896502256e-04 9.985609054565429688e-01 1.226324937306344509e-03
9.999389052391052246e-01 1.740377774694934487e-05 4.359382364782504737e-05
1.411864310503005981e-01 7.860691286623477936e-03 8.509528040885925293e-01
2.605132176540791988e-04 1.396403647959232330e-03 9.983431696891784668e-01
1.049709389917552471e-04 1.510171478003030643e-05 9.998798966407775879e-01
1.033791974186897278e-01 1.866317689418792725e-01 7.099890112876892090e-01
7.148277290980331600e-06 9.999926686286926270e-01 9.192427796733682044e-08
2.577879466116428375e-03 9.969497323036193848e-01 4.722724552266299725e-04
1.722035580314695835e-03 9.964928627014160156e-01 1.785119529813528061e-03
4.022971689701080322e-01 1.055277884006500244e-03 5.966475605964660645e-01
5.468258168548345566e-03 9.883203506469726562e-01 6.211479660123586655e-03
2.287999959662556648e-04 3.404543531360104680e-05 9.997372627258300781e-01
8.387618436245247722e-05 9.999108910560607910e-01 5.067400252301013097e-06
9.988580942153930664e-01 3.986504743807017803e-04 7.432427955791354179e-04
3.792390972375869751e-02 6.357816606760025024e-02 8.984978795051574707e-01
3.457770435488782823e-05 9.999420046806335449e-01 2.339338789170142263e-05
9.999498724937438965e-01 2.769653838186059147e-05 2.241464972030371428e-05
9.999478459358215332e-01 3.658848072518594563e-05 1.544175211165565997e-05
9.755999445915222168e-01 9.779906831681728363e-04 2.342216856777667999e-02
7.307503819465637207e-01 2.026866748929023743e-02 2.489809244871139526e-01
9.997522830963134766e-01 2.019079256569966674e-04 4.587459989124909043e-05
9.280845522880554199e-01 7.186380773782730103e-02 5.150485958438366652e-05
5.769167728431057185e-06 9.999940991401672363e-01 1.780158243036567001e-07
1.472842814109753817e-05 2.193194632127415389e-05 9.999632239341735840e-01
9.646011676522903144e-06 2.623578620841726661e-05 9.999640583992004395e-01
3.644921162049286067e-05 6.609875708818435669e-05 9.998974204063415527e-01
8.109834790229797363e-01 8.209614083170890808e-03 1.808069497346878052e-01
9.998859763145446777e-01 9.499512816546484828e-05 1.897311631182674319e-05
7.667922119480863330e-08 9.999994635581970215e-01 3.704510049828968477e-07
9.999880194664001465e-01 3.495253622531890869e-06 8.517740752722602338e-06
2.977081167045980692e-04 9.996711015701293945e-01 3.116716834483668208e-05
1.012179127428680658e-04 9.997518062591552734e-01 1.470249117119237781e-04
9.997622966766357422e-01 7.345867197727784514e-05 1.643043215153738856e-04
2.047046087682247162e-03 1.007954706437885761e-03 9.969450235366821289e-01
9.050328731536865234e-01 8.270602847915142775e-05 9.488435834646224976e-02
2.974175848066806793e-02 8.883572299964725971e-04 9.693698287010192871e-01
1.339523150818422437e-04 1.273761608899803832e-05 9.998533725738525391e-01
6.552188096975442022e-06 1.646220198381342925e-06 9.999917149543762207e-01
3.137889166282548103e-07 9.999838471412658691e-01 1.570307540532667190e-05
2.005546994041651487e-04 1.649938407354056835e-03 9.981495141983032227e-01
1.010613590478897095e-01 5.803494453430175781e-01 3.185890913009643555e-01
4.819323075935244560e-04 9.989060759544372559e-01 6.119429017417132854e-04
9.990665912628173828e-01 8.812393061816692352e-04 5.215467172092758119e-05
5.035967842559330165e-05 6.092629861086606979e-03 9.938569068908691406e-01
2.514074323698878288e-03 8.501091599464416504e-01 1.473768949508666992e-01
1.730316430330276489e-01 5.206670165061950684e-01 3.063014447689056396e-01
8.652787801111117005e-05 9.998936057090759277e-01 1.979544686037115753e-05
1.033510579873109236e-05 9.999858736991882324e-01 3.671127842608257197e-06
1.248393878340721130e-01 7.647361159324645996e-01 1.104244738817214966e-01
1.091834972612559795e-03 9.982807636260986328e-01 6.274501793086528778e-04
2.581715534688555636e-06 9.999918341636657715e-01 5.512551979336421937e-06
1.482165884226560593e-02 9.328551888465881348e-01 5.232314392924308777e-02
9.987440705299377441e-01 2.660892787389457226e-04 9.898325661197304726e-04
9.842761754989624023e-01 2.933067036792635918e-03 1.279079075902700424e-02
8.736533345654606819e-04 2.508039586246013641e-02 9.740458726882934570e-01
2.111007052008062601e-04 2.058473648503422737e-03 9.977304339408874512e-01
3.501548007989185862e-06 9.999962449073791504e-01 1.976444536921917461e-07
9.967045783996582031e-01 7.077331538312137127e-04 2.587564755231142044e-03
9.964830279350280762e-01 2.967565553262829781e-03 5.492282798513770103e-04
2.838266640901565552e-02 2.220589667558670044e-01 7.495583295822143555e-01
5.743614747188985348e-04 8.368626586161553860e-04 9.985886812210083008e-01
9.996826648712158203e-01 2.333364245714619756e-04 8.398645150009542704e-05
5.995307564735412598e-01 1.499743387103080750e-02 3.854717612266540527e-01
3.372882201801985502e-05 3.254219700465910137e-05 9.999336600303649902e-01
5.210040853853570297e-06 1.013968994811875746e-05 9.999845623970031738e-01
1.660820678807795048e-03 1.069155172444880009e-03 9.972701072692871094e-01
1.405877768993377686e-01 1.778998412191867828e-02 8.416222333908081055e-01
2.399901495664380491e-05 9.994823336601257324e-01 4.936493351124227047e-04
7.983638048171997070e-01 1.752325147390365601e-01 2.640362270176410675e-02
3.924212418496608734e-03 4.642901420593261719e-01 5.317856073379516602e-01
2.844347909558564425e-05 9.999642968177795410e-01 7.183007255662232637e-06
1.118138698075199500e-06 9.999988675117492676e-01 5.335251174187760626e-08
5.562793376157060266e-05 4.702312580775469542e-04 9.994739890098571777e-01
1.942972448887303472e-05 3.028370701940730214e-05 9.999502301216125488e-01
1.235224044648930430e-04 8.316939783981069922e-05 9.997932910919189453e-01
2.313650213181972504e-02 1.191756501793861389e-02 9.649459123611450195e-01
8.811197039904072881e-05 9.997906684875488281e-01 1.213011419167742133e-04
9.997842311859130859e-01 2.145058970199897885e-04 1.283170377064379863e-06
9.999255537986755371e-01 5.876515206182375550e-05 1.562934085086453706e-05
9.992940425872802734e-01 5.873092450201511383e-04 1.186872032121755183e-04
9.981785416603088379e-01 8.173120295396074653e-05 1.739700674079358578e-03
3.013624336745124310e-07 9.999985098838806152e-01 1.100492454497725703e-06
1.788611523807048798e-03 1.067170966416597366e-02 9.875395894050598145e-01
9.986881017684936523e-01 3.742058179341256618e-04 9.377011447213590145e-04
9.995945096015930176e-01 1.391881814925000072e-04 2.663405030034482479e-04
1.813924900488927960e-04 4.382144106784835458e-05 9.997746944427490234e-01
1.126693934202194214e-02 1.642170734703540802e-02 9.723111987113952637e-01
2.834296971559524536e-02 9.608128070831298828e-01 1.084421295672655106e-02
4.518080968409776688e-04 9.995464682579040527e-01 1.631163058846141212e-06
4.274758100509643555e-01 3.023636937141418457e-01 2.701605558395385742e-01
9.969223141670227051e-01 6.870980723761022091e-04 2.390504581853747368e-03
6.708000786602497101e-03 2.375788753852248192e-03 9.909161329269409180e-01
9.928875806508585811e-05 9.997326135635375977e-01 1.681934518273919821e-04
6.422024369239807129e-01 2.337097078561782837e-01 1.240877956151962280e-01
9.498159289360046387e-01 5.704955663532018661e-03 4.447904601693153381e-02
9.993754029273986816e-01 4.777892027050256729e-04 1.468434638809412718e-04
2.564375449765066151e-07 9.999994635581970215e-01 2.763543136552470969e-07
2.367255045101046562e-03 9.928228855133056641e-01 4.809822421520948410e-03
9.725256677484139800e-05 6.881194713059812784e-05 9.998340606689453125e-01
4.637185335159301758e-01 1.871885615400969982e-03 5.344095826148986816e-01
9.963611960411071777e-01 3.569042077288031578e-03 6.973774725338444114e-05
9.997630119323730469e-01 1.389723474858328700e-04 9.791867341846227646e-05
4.406145308166742325e-06 9.999595284461975098e-01 3.604374796850606799e-05
3.848687338177114725e-04 9.352466091513633728e-03 9.902626872062683105e-01
3.167096001561731100e-04 9.996408224105834961e-01 4.245629679644480348e-05
9.972214698791503906e-01 1.626807264983654022e-03 1.151745440438389778e-03
9.999256730079650879e-01 5.274139039102010429e-05 2.157151720894034952e-05
2.125491853803396225e-03 1.161107420921325684e-02 9.862633347511291504e-01
9.995391964912414551e-01 2.103737097058910877e-05 4.397127195261418819e-04
6.332158111035823822e-03 4.674865922424942255e-04 9.932001829147338867e-01
9.974117279052734375e-01 2.178907860070466995e-03 4.094456671737134457e-04
4.063453059643507004e-03 9.958752393722534180e-01 6.125224172137677670e-05
4.641174746211618185e-05 4.059911589138209820e-05 9.999129176139831543e-01
8.344279527664184570e-01 1.395459771156311035e-01 2.602618373930454254e-02
7.028091317806683946e-07 9.999989867210388184e-01 2.519203405881853541e-07
1.161542786576319486e-05 1.123256697610486299e-05 9.999770522117614746e-01
6.798836868256330490e-03 5.141944624483585358e-03 9.880591630935668945e-01
8.325744271278381348e-01 1.894111186265945435e-02 1.484844684600830078e-01
8.400632650591433048e-04 9.986892938613891602e-01 4.705833562184125185e-04
8.934786455938592553e-05 6.525331264128908515e-05 9.998455047607421875e-01
9.055208647623658180e-05 2.264248905703425407e-05 9.998866915702819824e-01
9.999613165855407715e-01 1.852816058089956641e-05 2.017915903707034886e-05
9.728621840476989746e-01 1.499987323768436909e-03 2.563782967627048492e-02
1.129134558141231537e-02 9.882093667984008789e-01 4.992005415260791779e-04
2.737951576709747314e-01 3.672557175159454346e-01 3.589490950107574463e-01
8.307374119758605957e-01 1.517224460840225220e-01 1.754005439579486847e-02
8.676217794418334961e-01 1.249206066131591797e-01 7.457643281668424606e-03
9.997563362121582031e-01 2.132148219970986247e-04 3.033179382327944040e-05
2.077347062368062325e-06 9.999964833259582520e-01 1.408206230735231657e-06
9.995670914649963379e-01 3.722250985447317362e-04 6.060298619559034705e-05
9.595666527748107910e-01 2.283469401299953461e-02 1.759854890406131744e-02
9.688525199890136719e-01 3.095602244138717651e-02 1.915013854159042239e-04
3.550367895513772964e-03 4.872913472354412079e-03 9.915766716003417969e-01
9.956853985786437988e-01 3.041488584131002426e-03 1.273180358111858368e-03
2.525983452796936035e-01 6.418783068656921387e-01 1.055232211947441101e-01
9.603786468505859375e-01 3.530162572860717773e-02 4.319622647017240524e-03
6.182749290019273758e-03 2.304478985024616122e-04 9.935867786407470703e-01
9.999831318855285645e-01 1.462698583054589108e-05 2.140213155144010670e-06
1.179167330265045166e-01 1.043001338839530945e-01 7.777830958366394043e-01
4.525163603830151260e-07 9.999994635581970215e-01 3.465795117563175154e-08
9.988222718238830566e-01 9.012804366648197174e-04 2.765018143691122532e-04
1.992701087146997452e-03 9.979972243309020996e-01 9.958555892808362842e-06
9.939263463020324707e-01 5.436682142317295074e-03 6.370133487507700920e-04
8.142831735312938690e-03 2.838840475305914879e-03 9.890183210372924805e-01
9.998469352722167969e-01 9.393936488777399063e-05 5.910607069381512702e-05
8.967521190643310547e-01 1.019999980926513672e-01 1.247879932634532452e-03
6.559171676635742188e-01 1.777624785900115967e-01 1.663203686475753784e-01
9.999883770942687988e-01 1.036039611790329218e-05 1.173104124063684139e-06
1.344402990071102977e-04 9.998619556427001953e-01 3.593433120840927586e-06
2.156170308589935303e-01 4.847691357135772705e-01 2.996137738227844238e-01
5.828451321576721966e-06 1.746913540046080016e-06 9.999923110008239746e-01
9.617652893066406250e-01 3.555886447429656982e-02 2.675802679732441902e-03
4.963215906172990799e-05 1.523406899650581181e-05 9.999350905418395996e-01
4.102994874119758606e-02 9.583215117454528809e-01 6.483984179794788361e-04
1.454498386010527611e-03 9.965129494667053223e-01 2.032528631389141083e-03
3.510255919536575675e-05 1.070649250323185697e-05 9.999541640281677246e-01
1.666410389589145780e-04 5.823195446282625198e-03 9.940102100372314453e-01
9.993460774421691895e-01 5.250051617622375488e-04 1.288695639232173562e-04
1.931240603880723938e-06 9.999968409538269043e-01 1.245227053914277349e-06
3.114565060968743637e-06 9.999783635139465332e-01 1.848088140832260251e-05
6.805575139878783375e-06 9.999929070472717285e-01 2.005910602065341664e-07
9.802240729331970215e-01 3.066880162805318832e-03 1.670904085040092468e-02
9.995822310447692871e-01 3.438305866438895464e-04 7.399923924822360277e-05
5.738804134125530254e-07 9.999970793724060059e-01 2.282125706187798642e-06
6.203055963851511478e-04 1.108338590711355209e-03 9.982714056968688965e-01
5.334359593689441681e-04 9.983851313591003418e-01 1.081402995623648167e-03
1.373667487314378377e-06 9.999889731407165527e-01 9.571831469656899571e-06
9.964868426322937012e-01 2.569096977822482586e-04 3.256287891417741776e-03
1.023303752845095005e-06 9.999890923500061035e-01 9.769411917659454048e-06
8.724070539756212384e-06 4.176667425781488419e-04 9.995736479759216309e-01
6.153444246592698619e-06 9.999812245368957520e-01 1.247335785592440516e-05
2.436095201119314879e-05 9.998950362205505371e-01 8.052791963564231992e-05
1.140729114413261414e-01 8.828808665275573730e-01 3.046168247237801552e-03
2.564150653779506683e-02 1.610464006662368774e-01 8.133121132850646973e-01
6.049945368431508541e-04 9.975097775459289551e-01 1.885161735117435455e-03
6.379337282851338387e-04 1.626751199364662170e-02 9.830944538116455078e-01
5.917438305914402008e-03 2.041779607534408569e-01 7.899046540260314941e-01
2.144115511327981949e-03 1.817132811993360519e-03 9.960386157035827637e-01
4.425544291734695435e-03 3.641801420599222183e-03 9.919326305389404297e-01
3.962533548474311829e-03 2.265363559126853943e-02 9.733837246894836426e-01
1.185389919555746019e-04 9.993776679039001465e-01 5.038498202338814735e-04
9.999017119407653809e-01 5.796796540380455554e-05 4.024355803267098963e-05
6.629175186390057206e-05 1.972787722479552031e-04 9.997364282608032227e-01
3.013624336745124310e-07 9.999985098838806152e-01 1.100492454497725703e-06
1.531307020741223823e-06 9.999924302101135254e-01 5.939056791248731315e-06
9.987090229988098145e-01 9.910106891766190529e-04 2.998517884407192469e-04
1.320991941611282527e-05 4.176440052106045187e-05 9.999449849128723145e-01
1.107468488044105470e-04 9.997333288192749023e-01 1.559438242111355066e-04
1.801752597093582153e-01 7.497444152832031250e-01 7.008040696382522583e-02
9.949631690979003906e-01 1.034950255416333675e-03 4.001816269010305405e-03
8.707147935638204217e-05 9.987689256668090820e-01 1.144084963016211987e-03
9.756596684455871582e-01 1.748576574027538300e-02 6.854528561234474182e-03
3.835379902739077806e-05 9.999583363533020020e-01 3.224750798835884780e-06
1.849113614298403263e-03 2.606099471449851990e-02 9.720898866653442383e-01
8.461792469024658203e-01 7.555839605629444122e-03 1.462647765874862671e-01
4.497298141359351575e-05 3.478614962659776211e-05 9.999201893806457520e-01
9.998776912689208984e-01 1.196294033434242010e-04 2.737430122579098679e-06
9.999880194664001465e-01 1.075961063179420307e-05 1.175004854303551838e-06
8.253708756456035189e-07 9.999961256980895996e-01 2.974588596771354787e-06
3.506708890199661255e-05 9.999578595161437988e-01 7.092382020346121863e-06
2.060063270619139075e-04 9.997897148132324219e-01 4.336079655331559479e-06
