----------PROBABILITY----------
2.471793595759663731e-05 9.999648928642272949e-01 1.037318270391551778e-05
9.994505643844604492e-01 4.285360046196728945e-04 1.207919704029336572e-04
9.995344281196594238e-01 2.835966297425329685e-04 1.819338940549641848e-04
1.610774546861648560e-02 9.729316830635070801e-01 1.096061244606971741e-02
9.999853968620300293e-01 1.189228260045638308e-05 2.651288468769052997e-06
3.908489361492684111e-06 4.796425855602137744e-05 9.999480843544006348e-01
8.561246431781910360e-06 1.232741284184157848e-03 9.987586736679077148e-01
7.841661572456359863e-04 1.237711519934237003e-03 9.979780912399291992e-01
9.995947480201721191e-01 3.978000022470951080e-04 7.525382898165844381e-06
7.623105775564908981e-04 2.154696499928832054e-03 9.970829486846923828e-01
9.676857292652130127e-02 8.897902369499206543e-01 1.344115938991308212e-02
9.987499117851257324e-01 1.169570954516530037e-03 8.059917308855801821e-05
2.353140525519847870e-02 9.763373136520385742e-01 1.312492968281731009e-04
9.992593526840209961e-01 7.164536509662866592e-04 2.413544279988855124e-05
2.797400156850926578e-06 5.316155147738754749e-05 9.999440312385559082e-01
7.481297105550765991e-02 5.401825159788131714e-02 8.711687922477722168e-01
9.292244315147399902e-01 3.412441909313201904e-02 3.665124252438545227e-02
4.170059764874167740e-05 1.121048000641167164e-03 9.988372921943664551e-01
9.929992556571960449e-01 6.282131187617778778e-03 7.187022129073739052e-04
8.380820155143737793e-01 5.485780537128448486e-02 1.070600897073745728e-01
1.716092461720108986e-03 9.979973435401916504e-01 2.864770358428359032e-04
2.646377682685852051e-01 6.631953120231628418e-01 7.216686010360717773e-02
4.325855672359466553e-01 5.671496391296386719e-01 2.648069639690220356e-04
4.712886493507539853e-06 9.999590516090393066e-01 3.616124013205990195e-05
9.991117715835571289e-01 8.373433374799787998e-04 5.091161074233241379e-05
9.996488094329833984e-01 3.317554364912211895e-04 1.947901910170912743e-05
2.588643155831960030e-06 3.803838262683711946e-05 9.999592900276184082e-01
6.276879459619522095e-03 2.413142472505569458e-03 9.913098812103271484e-01
9.997782707214355469e-01 1.861870114225894213e-04 3.558643584256060421e-05
1.571155153214931488e-02 1.388949621468782425e-02 9.703989028930664062e-01
9.765399694442749023e-01 1.873360574245452881e-02 4.726412706077098846e-03
5.716376472264528275e-04 6.360507011413574219e-01 3.633776307106018066e-01
1.996749313548207283e-03 9.799737930297851562e-01 1.802946440875530243e-02
5.189056992094265297e-06 5.286652958602644503e-05 9.999418854713439941e-01
2.778901762212626636e-05 9.999492764472961426e-01 2.286649214511271566e-05
2.990866050822660327e-05 6.947866495465859771e-05 9.999005198478698730e-01
2.465021563693881035e-03 9.972171783447265625e-01 3.177477628923952579e-04
7.507497072219848633e-02 9.248681068420410156e-01 5.700348629034124315e-05
2.293186485767364502e-01 6.672732234001159668e-01 1.034079715609550476e-01
2.119775308528915048e-05 5.287925159791484475e-05 9.999259114265441895e-01
1.172378119917993899e-06 9.999958872795104980e-01 2.820411737047834322e-06
5.881928205490112305e-01 3.993037343025207520e-01 1.250335853546857834e-02
9.999926686286926270e-01 6.777780527045251802e-06 5.004401373298605904e-07
5.668355822563171387e-01 1.921060378663241863e-03 4.312433004379272461e-01
2.898258864879608154e-01 7.009412646293640137e-01 9.232869371771812439e-03
1.859532676462549716e-05 5.310315100359730422e-05 9.999282956123352051e-01
9.961548447608947754e-01 3.016550093889236450e-03 8.286281372420489788e-04
9.998538494110107422e-01 1.188055684906430542e-04 2.746455720625817776e-05
1.249427441507577896e-03 1.056538967532105744e-04 9.986448884010314941e-01
5.630298401229083538e-04 7.232887670397758484e-03 9.922040104866027832e-01
5.781811069027753547e-06 8.067868475336581469e-05 9.999135136604309082e-01
2.573918900452554226e-04 4.395960422698408365e-04 9.993031024932861328e-01
7.885940140113234520e-04 2.079795522149652243e-04 9.990033507347106934e-01
9.998257160186767578e-01 1.306480553466826677e-04 4.362527761259116232e-05
9.998035430908203125e-01 1.903883967315778136e-04 6.218298949534073472e-06
6.866660896776011214e-06 8.421850361628457904e-05 9.999088644981384277e-01
7.044859230518341064e-03 6.367316935211420059e-03 9.865877628326416016e-01
9.998335838317871094e-01 1.571882166899740696e-04 9.235151992470491678e-06
3.365700249560177326e-04 9.996226429939270020e-01 4.092322342330589890e-05
9.994770884513854980e-01 4.275933315511792898e-04 9.522353502688929439e-05
3.769264149013906717e-04 4.408564791083335876e-02 9.555374979972839355e-01
9.959048032760620117e-01 3.845608560368418694e-03 2.495101653039455414e-04
1.515827956609427929e-03 2.306454407516866922e-04 9.982535243034362793e-01
9.999719262123107910e-01 2.631479947012849152e-05 1.664519004407338798e-06
8.953722119331359863e-01 1.629191078245639801e-02 8.833593875169754028e-02
2.317297185072675347e-05 3.663206007331609726e-04 9.996104836463928223e-01
5.603942275047302246e-02 8.255005627870559692e-02 8.614105582237243652e-01
1.554329181089997292e-03 2.996840886771678925e-02 9.684772491455078125e-01
1.990120857954025269e-03 9.975974559783935547e-01 4.123409744352102280e-04
4.142429970670491457e-04 9.924893975257873535e-01 7.096316665410995483e-03
1.077643875032663345e-02 2.675937116146087646e-01 7.216298580169677734e-01
1.457353482692269608e-05 2.772315201582387090e-05 9.999576210975646973e-01
1.053765299730002880e-03 8.538906113244593143e-04 9.980922937393188477e-01
5.072546773590147495e-04 9.992520809173583984e-01 2.407447464065626264e-04
1.605442666914314032e-04 3.727204239112325013e-05 9.998021125793457031e-01
9.025774488691240549e-05 9.998762607574462891e-01 3.360113259986974299e-05
9.459642171859741211e-01 4.534637928009033203e-02 8.689484558999538422e-03
9.184995889663696289e-01 3.046936541795730591e-02 5.103103816509246826e-02
7.832101732492446899e-02 9.076215624809265137e-01 1.405743695795536041e-02
2.725505692069418728e-05 9.996448755264282227e-01 3.278277872595936060e-04
5.388839326769812033e-06 9.999935030937194824e-01 1.091627154892194085e-06
5.038173496723175049e-02 9.727469086647033691e-02 8.523436188697814941e-01
9.996714591979980469e-01 3.143660724163055420e-04 1.418211377313127741e-05
9.999423623085021973e-01 5.205761044635437429e-05 5.458835403260309249e-06
9.952828884124755859e-01 4.473236389458179474e-03 2.438660594634711742e-04
1.435908488929271698e-03 9.973717331886291504e-01 1.192363561131060123e-03
1.960812807083129883e-01 4.615306854248046875e-01 3.423880040645599365e-01
3.409331839065998793e-05 9.999372363090515137e-01 2.859487722162157297e-05
9.998533725738525391e-01 1.374233397655189037e-04 9.183261681755539030e-06
1.529325097799301147e-01 1.476601231843233109e-02 8.323013782501220703e-01
5.435495404526591301e-04 2.337604947388172150e-02 9.760803580284118652e-01
8.010573801584541798e-04 9.985616207122802734e-01 6.373802898451685905e-04
2.227670885622501373e-02 8.811506628990173340e-01 9.657259285449981689e-02
2.002388983964920044e-02 9.678759574890136719e-01 1.210012845695018768e-02
6.957689765840768814e-05 2.792231680359691381e-04 9.996511936187744141e-01
9.997301101684570312e-01 1.950278965523466468e-04 7.490409916499629617e-05
4.831960832234472036e-04 1.884539239108562469e-02 9.806713461875915527e-01
4.882629946223460138e-05 9.999149441719055176e-01 3.614413071773014963e-05
1.678386004641652107e-03 9.460949152708053589e-02 9.037120342254638672e-01
9.865831732749938965e-01 1.098494790494441986e-02 2.431764500215649605e-03
1.090504338208120316e-05 9.998956322669982910e-01 9.342405246570706367e-05
9.998838305473327637e-01 1.063932286342605948e-04 9.632578439777716994e-06
3.981120607932098210e-05 9.999063611030578613e-01 5.376176341087557375e-05
2.750074600044172257e-06 9.999914765357971191e-01 5.686018539563519880e-06
1.820459146983921528e-05 2.137070987373590469e-04 9.997680187225341797e-01
1.732598058879375458e-02 8.660322986543178558e-03 9.740136861801147461e-01
3.578026965260505676e-02 7.610231637954711914e-01 2.031964808702468872e-01
9.931242465972900391e-01 2.434920985251665115e-03 4.440839868038892746e-03
6.581085920333862305e-01 2.121779173612594604e-01 1.297135204076766968e-01
3.829430625046370551e-06 3.671106469482765533e-06 9.999924302101135254e-01
9.993759989738464355e-01 4.828683740925043821e-04 1.411317643942311406e-04
1.106771233025938272e-04 9.616472572088241577e-02 9.037246108055114746e-01
9.668591618537902832e-01 3.313353285193443298e-02 7.227016340038971975e-06
6.457643758039921522e-05 3.698875661939382553e-04 9.995655417442321777e-01
5.405065530794672668e-05 9.998868107795715332e-01 5.914772918913513422e-05
9.512608647346496582e-01 3.703260421752929688e-02 1.170637737959623337e-02
2.970049902796745300e-02 5.327352881431579590e-01 4.375641644001007080e-01
2.393991919234395027e-03 3.890625387430191040e-02 9.586997628211975098e-01
4.134987946599721909e-03 9.906992912292480469e-01 5.165736656635999680e-03
1.127101495512761176e-05 8.789846324361860752e-04 9.991096258163452148e-01
5.849225562997162342e-04 9.271918097510933876e-04 9.984878301620483398e-01
3.567754756659269333e-04 9.849267005920410156e-01 1.471660379320383072e-02
3.417424886720255017e-05 9.999364018440246582e-01 2.932272400357760489e-05
1.998052539420314133e-05 9.999566674232482910e-01 2.321236570423934609e-05
1.394355576485395432e-02 9.854283928871154785e-01 6.280401139520108700e-04
1.696795661700889468e-04 8.991998038254678249e-05 9.997404813766479492e-01
8.771310676820576191e-04 9.989114403724670410e-01 2.113320369971916080e-04
7.416503038257360458e-03 8.937203884124755859e-02 9.032113552093505859e-01
7.392030674964189529e-04 1.696574618108570576e-03 9.975641369819641113e-01
8.983930349349975586e-01 9.772402048110961914e-02 3.882949473336338997e-03
5.913652777671813965e-01 2.146133035421371460e-01 1.940214931964874268e-01
1.430919837730471045e-05 9.997909069061279297e-01 1.948045974131673574e-04
1.705719114397652447e-05 9.992624521255493164e-01 7.205713191069662571e-04
1.502543091191910207e-05 9.999637007713317871e-01 2.121963007084559649e-05
9.999373555183410645e-01 6.038827268639579415e-05 2.171136202377965674e-06
8.953485637903213501e-03 9.909996390342712402e-01 4.690704736276529729e-05
7.202956476248800755e-05 9.753149934113025665e-04 9.989526271820068359e-01
9.900146722793579102e-01 2.921803854405879974e-03 7.063537370413541794e-03
4.914102100883610547e-05 9.998207092285156250e-01 1.301445154240354896e-04
8.913274407386779785e-01 8.899221569299697876e-02 1.968030631542205811e-02
5.424021510407328606e-04 9.990745782852172852e-01 3.830742498394101858e-04
7.732358574867248535e-01 9.473200887441635132e-02 1.320320963859558105e-01
9.998963475227355957e-01 9.701341332402080297e-05 6.602916073461528867e-06
9.996712207794189453e-01 1.504139945609495044e-04 1.784252526704221964e-04
2.267315903736744076e-05 4.469664418138563633e-04 9.995303750038146973e-01
4.514055490290047601e-06 1.255689276149496436e-04 9.998700618743896484e-01
3.761337438845657744e-06 3.049621045647654682e-05 9.999657273292541504e-01
3.447829931974411011e-02 9.644494652748107910e-01 1.072265207767486572e-03
2.902302549045998603e-05 9.998331069946289062e-01 1.377777516609057784e-04
9.840655839070677757e-04 3.124778391793370247e-03 9.958911538124084473e-01
7.887088577263057232e-04 9.950329065322875977e-01 4.178465809673070908e-03
1.145162619650363922e-02 9.630167484283447266e-01 2.553163655102252960e-02
1.779763726517558098e-03 9.972660541534423828e-01 9.541500476188957691e-04
3.068410478590521961e-06 2.235882711829617620e-04 9.997732639312744141e-01
4.089765995740890503e-02 9.530884623527526855e-01 6.013805512338876724e-03
9.963468909263610840e-01 1.937581808306276798e-03 1.715481281280517578e-03
8.582676649093627930e-01 1.096088159829378128e-02 1.307715773582458496e-01
9.394458902534097433e-05 9.998681545257568359e-01 3.795436350628733635e-05
8.147403132170438766e-04 2.591449068859219551e-03 9.965937137603759766e-01
3.425064962357282639e-03 4.695908352732658386e-02 9.496157765388488770e-01
4.439284384716302156e-05 9.999485611915588379e-01 7.047129656712058932e-06
3.343116550240665674e-04 5.977517575956881046e-04 9.990679025650024414e-01
2.288586087524890900e-02 6.825557351112365723e-02 9.088585376739501953e-01
3.067604033276438713e-03 9.936829209327697754e-01 3.249420784413814545e-03
5.982618313282728195e-04 9.990849494934082031e-01 3.168297407682985067e-04
9.817541241645812988e-01 1.626342162489891052e-02 1.982439309358596802e-03
9.990440011024475098e-01 6.564186187461018562e-04 2.995672693941742182e-04
9.999733567237854004e-01 2.305857196915894747e-05 3.562161282388842665e-06
9.998428821563720703e-01 1.506215630797669291e-04 6.415059942810330540e-06
7.734843165962956846e-06 1.230081834364682436e-04 9.998693466186523438e-01
3.683945834636688232e-01 6.312077045440673828e-01 3.977165033575147390e-04
2.647334150969982147e-02 8.886829018592834473e-01 8.484376966953277588e-02
5.535855144262313843e-02 1.738524809479713440e-02 9.272561669349670410e-01
1.993930200114846230e-03 1.032345579005777836e-03 9.969737529754638672e-01
1.193842763314023614e-05 2.441504911985248327e-04 9.997439384460449219e-01
2.287401548528578132e-05 1.303105964325368404e-03 9.986740350723266602e-01
8.654117584228515625e-01 3.580591082572937012e-02 9.878236055374145508e-02
1.766055174812208861e-05 1.250392815563827753e-04 9.998574256896972656e-01
7.911074135336093605e-06 1.935496402438730001e-04 9.997985363006591797e-01
4.913974407827481627e-05 9.998319149017333984e-01 1.190588445751927793e-04
7.993845939636230469e-01 5.046314001083374023e-02 1.501522511243820190e-01
4.734874237328767776e-03 1.731678470969200134e-02 9.779482483863830566e-01
9.913938045501708984e-01 8.578283712267875671e-03 2.779553324216976762e-05
2.942589344456791878e-03 2.446570247411727905e-02 9.725916385650634766e-01
1.017769426107406616e-02 2.265001460909843445e-02 9.671723246574401855e-01
9.628438949584960938e-01 2.908203005790710449e-02 8.074088022112846375e-03
9.952006936073303223e-01 2.262408379465341568e-03 2.536974847316741943e-03
7.328655192395672202e-05 1.813295057218056172e-05 9.999085068702697754e-01
3.863593097776174545e-03 1.195243909023702145e-03 9.949411153793334961e-01
9.986209273338317871e-01 1.186051056720316410e-03 1.929738937178626657e-04
3.322328329086303711e-01 9.085802733898162842e-02 5.769090652465820312e-01
3.894117195159196854e-03 1.411779504269361496e-02 9.819881319999694824e-01
6.123742461204528809e-01 3.019657731056213379e-01 8.565995097160339355e-02
1.193042589875403792e-05 1.421226188540458679e-04 9.998459815979003906e-01
3.708264921442605555e-05 9.998776912689208984e-01 8.523516589775681496e-05
9.995108246803283691e-01 4.806902725249528885e-04 8.430778507317882031e-06
1.625149510800838470e-03 9.983361363410949707e-01 3.876538175973109901e-05
4.859680848312564194e-05 9.999424815177917480e-01 8.771161446929909289e-06
9.027713531395420432e-06 8.424883708357810974e-05 9.999065995216369629e-01
9.942685961723327637e-01 2.630482194945216179e-03 3.101051785051822662e-03
1.130000100602046587e-06 3.427342016948387027e-05 9.999645352363586426e-01
1.324889808893203735e-02 3.187426179647445679e-02 9.548768401145935059e-01
2.307037124410271645e-03 3.258761465549468994e-01 6.718168258666992188e-01
3.422659039497375488e-01 6.010475158691406250e-01 5.668669193983078003e-02
9.938369989395141602e-01 5.433575715869665146e-03 7.294566603377461433e-04
9.663054943084716797e-01 2.425768598914146423e-02 9.436851367354393005e-03
4.024374939035624266e-04 1.176084508188068867e-03 9.984214305877685547e-01
8.274336578324437141e-04 2.015031175687909126e-03 9.971575140953063965e-01
6.818656402174383402e-05 2.448414452373981476e-04 9.996869564056396484e-01
1.272984547540545464e-03 1.410030666738748550e-02 9.846267104148864746e-01
8.594648097641766071e-04 9.990973472595214844e-01 4.324253677623346448e-05
2.191396197304129601e-04 8.935321238823235035e-04 9.988874197006225586e-01
6.281307898461818695e-03 3.360322676599025726e-03 9.903584122657775879e-01
7.879907488822937012e-01 1.737854480743408203e-01 3.822383284568786621e-02
1.495101898908615112e-01 8.434966802597045898e-01 6.993066053837537766e-03
5.267474334686994553e-03 1.550268149003386497e-03 9.931822419166564941e-01
5.662577677867375314e-06 9.999879002571105957e-01 6.324018158920807764e-06
9.994708299636840820e-01 3.319052048027515411e-04 1.973366161109879613e-04
2.732569584622979164e-03 9.970980882644653320e-01 1.693261729087680578e-04
8.308586478233337402e-01 1.666988730430603027e-01 2.442442579194903374e-03
9.987493157386779785e-01 1.190330134704709053e-03 6.040021980879828334e-05
1.890594023279845715e-03 4.966444894671440125e-02 9.484449625015258789e-01
3.137736484859487973e-06 2.770282844721805304e-05 9.999690651893615723e-01
9.998645782470703125e-01 1.063686577253974974e-04 2.921617124229669571e-05
1.904623806476593018e-01 8.039317727088928223e-01 5.605720449239015579e-03
2.109895925968885422e-03 1.168340910226106644e-02 9.862066507339477539e-01
1.574003135829116218e-06 9.999956488609313965e-01 2.693468331926851533e-06
9.671804904937744141e-01 3.253110870718955994e-02 2.883999550249427557e-04
4.671435817726887763e-06 9.999884963035583496e-01 6.810674676671624184e-06
9.986342787742614746e-01 5.223315092734992504e-04 8.433730690740048885e-04
2.002758265007287264e-06 4.917952082905685529e-06 9.999930262565612793e-01
3.272308458690531552e-05 4.450453707249835134e-05 9.999226927757263184e-01
9.998939633369445801e-01 1.036767571349628270e-04 2.318174210813594982e-06
9.975894689559936523e-01 1.888970262371003628e-03 5.215760902501642704e-04
9.998672008514404297e-01 1.162796615972183645e-04 1.653762046771589667e-05
5.863198311999440193e-04 2.717763930559158325e-02 9.722359776496887207e-01
9.940954446792602539e-01 5.352546460926532745e-03 5.519592668861150742e-04
1.844384893774986267e-02 9.795109033584594727e-01 2.045189030468463898e-03
8.758113835938274860e-06 4.864206130150705576e-05 9.999424815177917480e-01
5.075576305389404297e-01 9.782224893569946289e-02 3.946199715137481689e-01
1.135376660386100411e-04 9.998550415039062500e-01 3.149512485833838582e-05
9.997932910919189453e-01 1.396131265209987760e-04 6.719108932884410024e-05
2.595988189568743110e-05 4.450270906090736389e-03 9.955237507820129395e-01
5.712615251541137695e-01 7.963431626558303833e-02 3.491042256355285645e-01
2.549938017182284966e-06 3.964891948271542788e-05 9.999577403068542480e-01
9.985360503196716309e-01 7.571707246825098991e-04 7.066719699651002884e-04
8.860533707775175571e-04 9.989399313926696777e-01 1.739809231366962194e-04
8.525162120349705219e-04 9.989482760429382324e-01 1.992613106267526746e-04
1.790008042007684708e-03 1.511147804558277130e-02 9.830985665321350098e-01
9.997346401214599609e-01 2.015084755839779973e-04 6.390190537786111236e-05
5.515390967048006132e-06 9.999745488166809082e-01 1.993843397940509021e-05
9.999790787696838379e-01 1.461599458707496524e-05 6.153355116111924872e-06
2.591711527202278376e-04 7.513474429288180545e-06 9.997333288192749023e-01
9.992107748985290527e-01 2.429822779959067702e-04 5.462132394313812256e-04
4.834032151848077774e-03 1.938422559760510921e-03 9.932274818420410156e-01
7.788580842316150665e-04 1.002508029341697693e-02 9.891961216926574707e-01
1.854207832366228104e-03 5.531657859683036804e-02 9.428292512893676758e-01
1.234785839915275574e-02 2.953527681529521942e-02 9.581168889999389648e-01
2.122553298249840736e-03 2.543497830629348755e-02 9.724423885345458984e-01
3.360533810337074101e-05 1.022804208332672715e-04 9.998641014099121094e-01
9.999646544456481934e-01 3.390815982129424810e-05 1.420448825228959322e-06
9.996868371963500977e-01 2.756322501227259636e-04 3.754617864615283906e-05
1.256294199265539646e-03 1.073037390597164631e-03 9.976707100868225098e-01
9.885597825050354004e-01 1.120790839195251465e-02 2.322972432011738420e-04
1.251085847616195679e-02 9.864634871482849121e-01 1.025648554787039757e-03
9.474812941334675997e-06 9.999770522117614746e-01 1.344194333796622232e-05
4.991632886230945587e-03 6.875628829002380371e-01 3.074454963207244873e-01
1.101754787669051439e-05 7.925930549390614033e-04 9.991963505744934082e-01
2.818673092406243086e-04 9.996185898780822754e-01 9.961335308616980910e-05
6.897318176925182343e-03 3.386504203081130981e-02 9.592375755310058594e-01
9.927390813827514648e-01 6.171762477606534958e-03 1.089072786271572113e-03
1.723727655189577490e-05 9.999513030052185059e-01 3.135199585813097656e-05
3.744482455658726394e-05 9.992603063583374023e-01 7.023797952570021152e-04
9.323036074638366699e-01 5.884071066975593567e-02 8.855692110955715179e-03
1.208683352160733193e-05 9.999637007713317871e-01 2.418961412331555039e-05
1.278223097324371338e-01 8.821661025285720825e-02 7.839609384536743164e-01
9.203181434713769704e-06 1.497417397331446409e-04 9.998409748077392578e-01
9.992015957832336426e-01 5.731098353862762451e-04 2.253376587759703398e-04
3.361418843269348145e-01 6.343287229537963867e-01 2.952936664223670959e-02
1.213902214658446610e-04 3.083750198129564524e-04 9.995701909065246582e-01
5.682713817805051804e-04 1.243243459612131119e-02 9.869992733001708984e-01
1.233930583111941814e-03 9.980165958404541016e-01 7.493641460314393044e-04
9.764877613633871078e-04 9.989950656890869141e-01 2.833969847415573895e-05
9.855143427848815918e-01 6.703916005790233612e-03 7.781701628118753433e-03
9.958509206771850586e-01 3.739071544259786606e-04 3.775107907131314278e-03
9.473518729209899902e-01 2.959278412163257599e-02 2.305535785853862762e-02
1.861768032540567219e-05 6.968805682845413685e-04 9.992845058441162109e-01
9.754433995112776756e-05 1.216451782966032624e-04 9.997808933258056641e-01
3.002809353347402066e-05 9.999681115150451660e-01 1.805159627110697329e-06
9.993945360183715820e-01 4.527223354671150446e-04 1.525677216704934835e-04
1.395283379679312930e-05 6.307818111963570118e-04 9.993552565574645996e-01
4.116989202884724364e-06 9.999896883964538574e-01 6.107886292738839984e-06
9.999462962150573730e-01 3.952946281060576439e-05 1.405101920681772754e-05
9.898420572280883789e-01 6.818302441388368607e-03 3.339606570079922676e-03
9.964445233345031738e-01 1.105008530430495739e-03 2.450254978612065315e-03
3.081239992752671242e-05 1.207380206324160099e-03 9.987617731094360352e-01
9.363169781863689423e-03 7.772433161735534668e-01 2.133934497833251953e-01
1.971188612515106797e-05 9.999378323554992676e-01 4.245250966050662100e-05
9.981852173805236816e-01 1.203512423671782017e-03 6.112219998612999916e-04
1.010867417789995670e-04 2.250403049401938915e-04 9.996738433837890625e-01
2.215759642422199249e-02 2.426749654114246368e-02 9.535748362541198730e-01
2.732763998210430145e-02 6.554692983627319336e-01 3.172031641006469727e-01
9.649737621657550335e-04 2.765106223523616791e-02 9.713839888572692871e-01
6.458840332925319672e-03 9.820550680160522461e-01 1.148615032434463501e-02
7.505183748435229063e-05 9.998980164527893066e-01 2.676507392607163638e-05
9.884017345029860735e-06 1.350372767774388194e-04 9.998550415039062500e-01
1.140628501161700115e-05 5.026962026022374630e-04 9.994857907295227051e-01
9.999803900718688965e-01 1.741577398206572980e-05 2.101593963743653148e-06
2.236715406179428101e-01 7.311311960220336914e-01 4.519712924957275391e-02
2.150516957044601440e-01 1.131213679909706116e-01 6.718268990516662598e-01
1.494891047477722168e-01 3.049265444278717041e-01 5.455843210220336914e-01
5.490011608344502747e-05 9.998984932899475098e-01 4.649458423955366015e-05
9.930574893951416016e-01 3.713227109983563423e-03 3.229264402762055397e-03
9.997283220291137695e-01 2.384737745160236955e-04 3.321099211461842060e-05
1.643915893509984016e-03 3.615684108808636665e-04 9.979944825172424316e-01
2.895058605645317584e-05 1.499571517342701554e-04 9.998211860656738281e-01
5.241252438281662762e-05 1.132902252720668912e-04 9.998342990875244141e-01
6.067040958441793919e-04 2.265787334181368351e-04 9.991666674613952637e-01
2.753185806795954704e-03 9.972344636917114258e-01 1.235437594004906714e-05
9.684545993804931641e-01 2.743453346192836761e-02 4.110890906304121017e-03
5.954955220222473145e-01 4.005483686923980713e-01 3.956140950322151184e-03
1.778655918315052986e-03 4.091786686331033707e-04 9.978122711181640625e-01
4.011387825012207031e-01 5.928579568862915039e-01 6.003196351230144501e-03
9.351682820124551654e-06 3.844701859634369612e-05 9.999521374702453613e-01
9.492207765579223633e-01 4.869195818901062012e-02 2.087435452267527580e-03
9.638587236404418945e-01 2.967352420091629028e-02 6.467715371400117874e-03
9.990405440330505371e-01 5.934076616540551186e-04 3.659360227175056934e-04
1.592427433934062719e-04 1.629869081079959869e-02 9.835421442985534668e-01
1.832367735914885998e-03 8.895971179008483887e-01 1.085705012083053589e-01
1.311332080513238907e-02 4.006983712315559387e-02 9.468168616294860840e-01
9.999787211418151855e-01 1.773566327756270766e-05 3.450338681432185695e-06
5.761340726166963577e-04 9.972003102302551270e-01 2.223414834588766098e-03
9.998745918273925781e-01 1.150561001850292087e-04 1.034922388498671353e-05
8.043032884597778320e-02 1.192175317555665970e-02 9.076479673385620117e-01
1.685988354438450187e-05 1.714100944809615612e-03 9.982690215110778809e-01
5.586636834777891636e-04 2.801519585773348808e-03 9.966398477554321289e-01
6.189854070544242859e-02 2.113199084997177124e-01 7.267814874649047852e-01
1.135286001954227686e-04 9.998695850372314453e-01 1.704344867903273553e-05
1.635760418139398098e-03 9.913543462753295898e-01 7.009942084550857544e-03
1.338415779173374176e-03 9.982924461364746094e-01 3.689876175485551357e-04
9.941054582595825195e-01 4.385665059089660645e-03 1.508669927716255188e-03
6.243106909096240997e-03 9.640578627586364746e-01 2.969906479120254517e-02
2.634561969898641109e-04 1.006521284580230713e-03 9.987300038337707520e-01
1.607625279575586319e-03 9.982763528823852539e-01 1.159939492936246097e-04
9.996726512908935547e-01 2.733449509833008051e-04 5.394063555286265910e-05
4.709684071713127196e-05 5.694757419405505061e-05 9.998958706855773926e-01
1.504622487118467689e-04 9.998221397399902344e-01 2.744190169323701411e-05
9.993457198143005371e-01 5.974753876216709614e-04 5.682935079676099122e-05
9.996948242187500000e-01 1.647425960982218385e-04 1.404837676091119647e-04
8.105059862136840820e-01 1.610644310712814331e-01 2.842962183058261871e-02
9.469983577728271484e-01 1.720757223665714264e-02 3.579411283135414124e-02
9.998033046722412109e-01 1.562310353619977832e-04 4.042499131173826754e-05
1.088305434677749872e-04 9.996610879898071289e-01 2.301311906194314361e-04
1.667280157562345266e-04 9.998183250427246094e-01 1.499850986874662340e-05
2.473405795171856880e-03 4.478558432310819626e-03 9.930480122566223145e-01
3.965266444083681563e-07 1.687477015366312116e-05 9.999826550483703613e-01
2.090948328259401023e-06 2.887503251258749515e-05 9.999689459800720215e-01
9.750506877899169922e-01 6.140422541648149490e-03 1.880894601345062256e-02
9.980358481407165527e-01 1.571624190546572208e-03 3.925306082237511873e-04
1.206796696351375431e-06 9.999956488609313965e-01 3.072249683100380935e-06
9.999080300331115723e-01 7.109774014679715037e-05 2.084542575175873935e-05
5.042888224124908447e-02 9.367209672927856445e-01 1.285015512257814407e-02
6.422405567718669772e-05 9.997985363006591797e-01 1.372469851048663259e-04
9.997601509094238281e-01 1.519628567621111870e-04 8.785521640675142407e-05
1.252458523958921432e-02 4.988546948879957199e-03 9.824867844581604004e-01
9.874011278152465820e-01 8.834720589220523834e-03 3.763995599001646042e-03
1.372386366128921509e-01 4.208106175065040588e-02 8.206802606582641602e-01
1.228032942890422419e-05 9.973155101761221886e-05 9.998878836631774902e-01
3.926979843527078629e-05 1.067476579919457436e-03 9.988933801651000977e-01
2.752399537712335587e-03 7.558520883321762085e-02 9.216623902320861816e-01
5.237439763732254505e-04 2.844030736014246941e-03 9.966322183609008789e-01
3.336915969848632812e-01 5.809975266456604004e-01 8.531089872121810913e-02
4.614364206790924072e-01 5.379713177680969238e-01 5.922808195464313030e-04
9.983783364295959473e-01 1.502384664490818977e-03 1.192106792586855590e-04
2.770126229734160006e-05 8.087131194770336151e-03 9.918851852416992188e-01
5.133268982172012329e-02 3.450117707252502441e-01 6.036555171012878418e-01
8.627341985702514648e-01 7.456886768341064453e-02 6.269695609807968140e-02
1.471745669841766357e-01 6.462882757186889648e-01 2.065371572971343994e-01
1.395191975461784750e-05 9.999580979347229004e-01 2.793649764498695731e-05
1.291345688514411449e-03 9.916887283325195312e-01 7.019951008260250092e-03
4.107322456547990441e-05 9.999206662178039551e-01 3.816598109551705420e-05
7.062332588247954845e-05 9.997351169586181641e-01 1.942436938406899571e-04
5.264013409614562988e-01 3.232488334178924561e-01 1.503497660160064697e-01
9.723962545394897461e-01 1.456992048770189285e-02 1.303367223590612411e-02
9.531168341636657715e-01 3.185306210070848465e-03 4.369785636663436890e-02
7.074319291859865189e-04 1.257320959120988846e-02 9.867192506790161133e-01
7.055286318063735962e-02 2.772808969020843506e-01 6.521662473678588867e-01
1.479659749747952446e-05 9.999727606773376465e-01 1.242369944520760328e-05
9.998104572296142578e-01 1.451522548450157046e-04 4.437435563886538148e-05
5.934627652168273926e-01 4.064650237560272217e-01 7.221004489110782743e-05
1.017670947476290166e-04 3.715362108778208494e-04 9.995266795158386230e-01
1.085377243725815788e-05 3.810270573012530804e-04 9.996080994606018066e-01
9.998962283134460449e-01 8.821410301607102156e-05 1.551040986669249833e-05
8.835910558700561523e-01 1.159421075135469437e-02 1.048146635293960571e-01
5.691512342309579253e-06 2.598360697447787970e-05 9.999682307243347168e-01
8.954067743616178632e-05 5.416677333414554596e-03 9.944938421249389648e-01
2.116275485605001450e-03 3.373757377266883850e-02 9.641462564468383789e-01
9.748522937297821045e-02 4.553389735519886017e-03 8.979613184928894043e-01
7.080971408868208528e-05 9.998959898948669434e-01 3.308539089630357921e-05
6.992981433868408203e-01 2.941816151142120361e-01 6.520226597785949707e-03
9.323227277491241693e-05 3.082345006987452507e-03 9.968243837356567383e-01
2.216247608885169029e-03 9.975249767303466797e-01 2.587614580988883972e-04
1.596514717675745487e-03 9.979469180107116699e-01 4.566235002130270004e-04
3.652109808172099292e-05 3.940455208066850901e-04 9.995694756507873535e-01
6.281145033426582813e-05 5.239876918494701385e-03 9.946972727775573730e-01
5.031104228692129254e-05 5.042140255682170391e-04 9.994455575942993164e-01
1.636624336242675781e-02 3.094774298369884491e-02 9.526860117912292480e-01
1.065249554812908173e-02 9.649235606193542480e-01 2.442383021116256714e-02
9.999707341194152832e-01 2.515804953873157501e-05 4.087924480700166896e-06
9.998083114624023438e-01 1.422605855623260140e-04 4.937576159136369824e-05
9.993625283241271973e-01 5.320291384123265743e-04 1.054120730259455740e-04
9.986913204193115234e-01 1.102057285606861115e-03 2.065666922135278583e-04
8.304631046485155821e-05 9.998590946197509766e-01 5.796593904960900545e-05
4.471839565667323768e-05 4.447223327588289976e-04 9.995104670524597168e-01
9.997844696044921875e-01 1.532500609755516052e-04 6.224247044883668423e-05
9.583844542503356934e-01 1.959915272891521454e-02 2.201618067920207977e-02
8.053502824623137712e-05 7.198344683274626732e-04 9.991996884346008301e-01
4.951728507876396179e-03 1.727922447025775909e-02 9.777689576148986816e-01
5.778543278574943542e-02 9.189928770065307617e-01 2.322177775204181671e-02
1.492950250394642353e-03 9.980999827384948730e-01 4.069372662343084812e-04
3.650766909122467041e-01 2.708992660045623779e-01 3.640241026878356934e-01
9.947587251663208008e-01 4.242308437824249268e-03 9.989097015932202339e-04
9.588292799890041351e-03 4.636833816766738892e-02 9.440433382987976074e-01
6.256024353206157684e-04 9.990546107292175293e-01 3.197956248186528683e-04
9.846248030662536621e-01 3.069386584684252739e-03 1.230580266565084457e-02
9.859712123870849609e-01 3.291138913482427597e-03 1.073757931590080261e-02
9.366083145141601562e-01 4.583605006337165833e-02 1.755567826330661774e-02
9.868257620837539434e-06 9.999642968177795410e-01 2.574299833213444799e-05
3.822192957159131765e-05 9.998949170112609863e-01 6.670270522590726614e-05
1.659249974181875587e-04 6.389210466295480728e-05 9.997701644897460938e-01
9.931265711784362793e-01 1.439171028323471546e-03 5.434244871139526367e-03
4.236568929627537727e-04 9.993808865547180176e-01 1.954969047801569104e-04
9.997677803039550781e-01 3.915213528671301901e-05 1.930551661644130945e-04
3.868530620820820332e-05 9.993599057197570801e-01 6.014336831867694855e-04
1.646226337470579892e-06 3.290640015620738268e-04 9.996693134307861328e-01
2.085034037008881569e-03 9.978115558624267578e-01 1.035108725773170590e-04
9.521424770355224609e-01 2.258200757205486298e-02 2.527546510100364685e-02
9.998894333839416504e-01 4.605958747561089694e-05 6.446714542107656598e-05
1.463151511416072026e-05 1.609854225534945726e-04 9.998245239257812500e-01
9.999391436576843262e-01 3.827924956567585468e-05 2.254049650218803436e-05
2.430414169793948531e-04 1.284438930451869965e-02 9.869125485420227051e-01
9.975079894065856934e-01 1.919706235639750957e-03 5.722377682104706764e-04
5.765793379396200180e-03 9.924353361129760742e-01 1.798841869458556175e-03
1.962960413948167115e-05 2.930084615945816040e-02 9.706795811653137207e-01
9.683269262313842773e-01 1.387783978134393692e-02 1.779515482485294342e-02
6.341997050185455009e-06 9.999868273735046387e-01 6.823242529208073393e-06
4.315305128693580627e-02 1.090484671294689178e-02 9.459421634674072266e-01
2.524141967296600342e-02 1.615051552653312683e-02 9.586080908775329590e-01
9.993926286697387695e-01 4.996996140107512474e-04 1.076482512871734798e-04
4.263221053406596184e-04 9.983053207397460938e-01 1.268535968847572803e-03
3.979761095251888037e-04 7.782154250890016556e-03 9.918197989463806152e-01
1.306912017753347754e-04 6.381851271726191044e-04 9.992311000823974609e-01
9.998798966407775879e-01 1.078376444638706744e-04 1.212758161273086444e-05
9.912844300270080566e-01 7.768691051751375198e-03 9.469023789279162884e-04
8.387374877929687500e-02 9.125652313232421875e-01 3.561014542356133461e-03
6.227514147758483887e-01 3.743126094341278076e-01 2.935904311016201973e-03
9.985279440879821777e-01 1.410334603860974312e-03 6.171766290208324790e-05
9.085148572921752930e-01 5.337851122021675110e-02 3.810668364167213440e-02
9.995420575141906738e-01 2.826341078616678715e-04 1.753319229464977980e-04
4.299170086596859619e-06 9.999889731407165527e-01 6.645876055699773133e-06
9.675797224044799805e-01 3.180385753512382507e-02 6.164488731883466244e-04
9.996650218963623047e-01 2.515876549296081066e-04 8.336342580150812864e-05
9.999234080314636230e-01 6.882852903800085187e-05 7.779561201459728181e-06
9.395494312047958374e-02 2.146923243999481201e-01 6.913527250289916992e-01
9.598892927169799805e-01 3.336014226078987122e-02 6.750534754246473312e-03
8.611302822828292847e-02 3.400566577911376953e-01 5.738303065299987793e-01
8.130804300308227539e-01 9.939391165971755981e-02 8.752559870481491089e-02
3.363440278917551041e-03 8.088716422207653522e-04 9.958276748657226562e-01
9.999521374702453613e-01 3.639097849372774363e-05 1.140961649070959538e-05
7.170759439468383789e-01 6.614709645509719849e-02 2.167769074440002441e-01
8.350596658601716626e-07 9.999973177909851074e-01 1.797219510990544222e-06
9.968463778495788574e-01 2.481564413756132126e-03 6.720346864312887192e-04
1.097859740257263184e-01 8.896379470825195312e-01 5.762107903137803078e-04
9.997403621673583984e-01 2.367641427554190159e-04 2.288385621795896441e-05
4.915249519399367273e-05 9.405762830283492804e-05 9.998567104339599609e-01
9.977065324783325195e-01 1.008536550216376781e-03 1.284817699342966080e-03
9.772726893424987793e-01 2.154642716050148010e-02 1.180789899080991745e-03
6.263463497161865234e-01 1.775129437446594238e-01 1.961407661437988281e-01
9.999852776527404785e-01 1.288310977543005720e-05 1.796347874005732592e-06
1.963993054232560098e-05 9.999743103981018066e-01 5.937793957855319604e-06
2.554581165313720703e-01 5.500344038009643555e-01 1.945074200630187988e-01
3.740939007457200205e-07 2.489311555109452456e-05 9.999746680259704590e-01
9.637783765792846680e-01 1.620083302259445190e-02 2.002074196934700012e-02
5.349618277250556275e-06 7.315029506571590900e-05 9.999213814735412598e-01
4.262771010398864746e-01 5.683614015579223633e-01 5.361354444175958633e-03
2.666465044021606445e-01 7.152693271636962891e-01 1.808413863182067871e-02
5.312045686878263950e-06 9.998207092285156250e-01 1.739199215080589056e-04
5.685316864401102066e-04 5.214754939079284668e-01 4.779559671878814697e-01
9.991698861122131348e-01 7.738305139355361462e-04 5.617795613943599164e-05
8.072236232692375779e-05 9.998710155487060547e-01 4.833648927160538733e-05
6.828281329944729805e-04 9.960350394248962402e-01 3.282035235315561295e-03
4.979833647666964680e-06 9.999937415122985840e-01 1.187971520266728476e-06
9.822838306427001953e-01 1.646467484533786774e-02 1.251404173672199249e-03
9.996351003646850586e-01 3.060347808059304953e-04 5.888298255740664899e-05
2.663221130205783993e-05 9.879170656204223633e-01 1.205627433955669403e-02
2.790241296679596417e-06 7.872571586631238461e-05 9.999184012413024902e-01
1.003168108582030982e-05 9.999594092369079590e-01 3.051638304896187037e-05
8.517016976838931441e-05 9.994725584983825684e-01 4.421246703714132309e-04
9.999316334724426270e-01 4.357347279437817633e-05 2.472248888807371259e-05
1.691973920969758183e-05 9.996075034141540527e-01 3.756302467081695795e-04
3.595579755710787140e-06 6.394560332410037518e-04 9.993569254875183105e-01
2.673290669918060303e-02 9.724230170249938965e-01 8.440588135272264481e-04
3.403977461857721210e-05 9.999361634254455566e-01 2.965450221381615847e-05
9.617615491151809692e-02 8.449475765228271484e-01 5.887624248862266541e-02
2.995097893290221691e-04 9.468845725059509277e-01 5.281602591276168823e-02
2.520627458579838276e-04 9.992181658744812012e-01 5.298025789670646191e-04
2.664046178324497305e-06 2.087357861455529928e-04 9.997885227203369141e-01
4.139533266425132751e-04 9.994960427284240723e-01 8.994300878839567304e-05
8.182353526353836060e-02 1.843427307903766632e-02 8.997423052787780762e-01
3.058973932638764381e-03 8.535236865282058716e-02 9.115886092185974121e-01
1.649975311011075974e-03 4.689095541834831238e-03 9.936609268188476562e-01
5.900714895687997341e-04 9.990592598915100098e-01 3.506350622046738863e-04
9.989614486694335938e-01 8.653171826153993607e-04 1.731872616801410913e-04
1.832169364206492901e-04 1.329721324145793915e-02 9.865195751190185547e-01
8.304631046485155821e-05 9.998590946197509766e-01 5.796593904960900545e-05
1.010044070426374674e-05 9.999580979347229004e-01 3.166084934491664171e-05
9.989331364631652832e-01 7.694637170061469078e-04 2.972980146296322346e-04
1.697670450084842741e-05 1.349746715277433395e-03 9.986332058906555176e-01
7.205819656519452110e-06 9.999889731407165527e-01 3.756915020858286880e-06
2.454552203416824341e-01 7.191914916038513184e-01 3.535330295562744141e-02
9.543050527572631836e-01 6.856983993202447891e-03 3.883786499500274658e-02
3.085020929574966431e-03 9.958028197288513184e-01 1.112151658162474632e-03
9.847916364669799805e-01 1.166735775768756866e-02 3.541073063388466835e-03
1.177985905087552965e-04 9.998705387115478516e-01 1.173570672108326107e-05
2.798047353280708194e-05 9.220801875926554203e-04 9.990499615669250488e-01
9.711992144584655762e-01 1.527726463973522186e-02 1.352361589670181274e-02
5.130806192755699158e-02 2.096696384251117706e-02 9.277249574661254883e-01
9.985073804855346680e-01 1.470662886276841164e-03 2.198038237111177295e-05
9.999776482582092285e-01 1.547634201415348798e-05 6.753276920790085569e-06
4.614606950781308115e-05 9.999476075172424316e-01 6.189763553265947849e-06
1.522671027487376705e-05 9.999793171882629395e-01 5.321696789906127378e-06
6.556442007422447205e-03 9.933781027793884277e-01 6.552491686306893826e-05
